1;1;0.289028
2;1;0.049087
3;1;0.396209
4;1;0.019838
1;2;0.347780
2;2;0.172932
3;2;0.472543
4;2;0.063925
1;3;0.379604
2;3;0.332184
3;3;0.502381
4;3;0.139686
1;4;0.391533
2;4;0.446138
3;4;0.530189
4;4;0.225394
1;5;0.402592
2;5;0.509271
3;5;0.543222
4;5;0.316077
1;6;0.372016
2;6;0.576608
3;6;0.548808
4;6;0.403870
1;7;0.365344
2;7;0.616888
3;7;0.537716
4;7;0.494649
1;8;0.362562
2;8;0.625082
3;8;0.537477
4;8;0.588309
1;9;0.364645
2;9;0.636123
3;9;0.536157
4;9;0.671885
1;10;0.367735
2;10;0.628793
3;10;0.533235
4;10;0.753205
1;11;0.362968
2;11;0.621248
3;11;0.535394
4;11;0.852959
1;12;0.366751
2;12;0.635316
3;12;0.535900
4;12;0.852115
1;13;0.370229
2;13;0.633883
3;13;0.534840
4;13;1.032262
1;14;0.386977
2;14;0.673538
3;14;0.590023
4;14;1.211693
1;15;0.360868
2;15;0.614786
3;15;0.537012
4;15;1.206318
1;16;0.362278
2;16;0.609455
3;16;0.543082
4;16;1.308844
1;17;0.364494
2;17;0.610092
3;17;0.536155
4;17;1.387691
1;18;0.365627
2;18;0.628843
3;18;0.540596
4;18;1.478581
1;19;0.366529
2;19;0.623767
3;19;0.535993
4;19;1.563748
1;20;0.369036
2;20;0.628965
3;20;0.535824
4;20;1.655211
1;1;0.291459
2;1;0.048007
3;1;0.383214
4;1;0.019998
1;2;0.383252
2;2;0.199497
3;2;0.500302
4;2;0.064746
1;3;0.409462
2;3;0.368893
3;3;0.558215
4;3;0.140205
1;4;0.441827
2;4;0.437459
3;4;0.550654
4;4;0.226756
1;5;0.387021
2;5;0.484641
3;5;0.543318
4;5;0.318843
1;6;0.366239
2;6;0.573781
3;6;0.543023
4;6;0.404384
1;7;0.362397
2;7;0.663021
3;7;0.535775
4;7;0.495903
1;8;0.365118
2;8;0.621270
3;8;0.539330
4;8;0.584532
1;9;0.360033
2;9;0.633835
3;9;0.535068
4;9;0.672832
1;10;0.363083
2;10;0.616430
3;10;0.537689
4;10;0.751919
1;11;0.368693
2;11;0.614380
3;11;0.535174
4;11;0.848435
1;12;0.359892
2;12;0.624471
3;12;0.539860
4;12;0.849572
1;13;0.357383
2;13;0.629217
3;13;0.535526
4;13;1.026411
1;14;0.361377
2;14;0.629513
3;14;0.536190
4;14;1.116479
1;15;0.365326
2;15;0.607253
3;15;0.535233
4;15;1.202734
1;16;0.365416
2;16;0.621107
3;16;0.539862
4;16;1.294024
1;17;0.358352
2;17;0.600741
3;17;0.534854
4;17;1.379310
1;18;0.381592
2;18;0.716326
3;18;0.557894
4;18;1.575570
1;19;0.376239
2;19;0.637434
3;19;0.568670
4;19;1.590838
1;20;0.372574
2;20;0.653144
3;20;0.537789
4;20;1.650869
1;1;0.293168
2;1;0.048531
3;1;0.377295
4;1;0.019913
1;2;0.362743
2;2;0.182453
3;2;0.472490
4;2;0.064025
1;1;0.285502
2;1;0.048880
3;1;0.377363
4;1;0.020095
1;2;0.356423
2;2;0.174113
3;2;0.473486
4;2;0.063336
1;3;0.385965
2;3;0.341831
3;3;0.504074
4;3;0.139106
1;4;0.429276
2;4;0.462641
3;4;0.579470
4;4;0.225665
1;5;0.387753
2;5;0.494010
3;5;0.542983
4;5;0.315833
1;6;0.364245
2;6;0.573977
3;6;0.539683
4;6;0.403760
1;7;0.368642
2;7;0.612246
3;7;0.531011
4;7;0.493211
1;8;0.365272
2;8;0.617364
3;8;0.533772
4;8;0.580646
1;9;0.371217
2;9;0.633489
3;9;0.532714
4;9;0.670050
1;10;0.361795
2;10;0.625617
3;10;0.538717
4;10;0.759534
1;11;0.364184
2;11;0.618856
3;11;0.533336
4;11;0.846193
1;12;0.362462
2;12;0.632359
3;12;0.535164
4;12;0.847914
1;13;0.379298
2;13;0.644575
3;13;0.533696
4;13;1.024006
1;14;0.362197
2;14;0.628562
3;14;0.535666
4;14;1.114431
1;15;0.361097
2;15;0.606483
3;15;0.534639
4;15;1.202728
1;16;0.368829
2;16;0.608730
3;16;0.534536
4;16;1.290060
1;17;0.360730
2;17;0.609958
3;17;0.533081
4;17;1.380251
1;18;0.359668
2;18;0.624475
3;18;0.534379
4;18;1.470721
1;19;0.361198
2;19;0.623439
3;19;0.538769
4;19;1.563340
1;20;0.365962
2;20;0.623515
3;20;0.536448
4;20;1.641835
1;1;0.291294
2;1;0.048951
3;1;0.384566
4;1;0.020574
1;2;0.346284
2;2;0.186127
3;2;0.473586
4;2;0.063733
1;3;0.424567
2;3;0.359845
3;3;0.545959
4;3;0.142341
1;4;0.398789
2;4;0.443456
3;4;0.528445
4;4;0.227539
1;5;0.388179
2;5;0.500885
3;5;0.541083
4;5;0.317911
1;6;0.368116
2;6;0.583561
3;6;0.542373
4;6;0.406033
1;7;0.363464
2;7;0.620887
3;7;0.533835
4;7;0.492937
1;8;0.368233
2;8;0.641847
3;8;0.537597
4;8;0.583391
1;9;0.364528
2;9;0.641276
3;9;0.535694
4;9;0.666465
1;10;0.362374
2;10;0.627365
3;10;0.532302
4;10;0.760701
1;11;0.362073
2;11;0.624151
3;11;0.537356
4;11;0.851515
1;12;0.370416
2;12;0.638039
3;12;0.533029
4;12;0.850036
1;13;0.365695
2;13;0.637748
3;13;0.539274
4;13;1.026501
1;14;0.362368
2;14;0.652737
3;14;0.538555
4;14;1.114300
1;15;0.363085
2;15;0.619984
3;15;0.535364
4;15;1.209168
1;16;0.365685
2;16;0.627307
3;16;0.541405
4;16;1.295404
1;17;0.363769
2;17;0.610636
3;17;0.535488
4;17;1.400598
1;18;0.364030
2;18;0.629094
3;18;0.537456
4;18;1.471276
1;19;0.369059
2;19;0.632928
3;19;0.545967
4;19;1.561764
1;20;0.371786
2;20;0.622639
3;20;0.537902
4;20;1.641510
1;1;0.261882
2;1;0.048660
3;1;0.380927
4;1;0.019655
1;2;0.355098
2;2;0.173116
3;2;0.470515
4;2;0.063852
1;3;0.389536
2;3;0.336513
3;3;0.512105
4;3;0.141167
1;4;0.405009
2;4;0.418146
3;4;0.528865
4;4;0.228194
1;5;0.385229
2;5;0.487708
3;5;0.542721
4;5;0.315848
1;6;0.365822
2;6;0.586103
3;6;0.542010
4;6;0.405650
1;7;0.363711
2;7;0.608463
3;7;0.543917
4;7;0.493763
1;8;0.368744
2;8;0.612787
3;8;0.541169
4;8;0.584038
1;9;0.360479
2;9;0.634787
3;9;0.536085
4;9;0.673571
1;10;0.363895
2;10;0.613350
3;10;0.536760
4;10;0.763823
1;11;0.359475
2;11;0.621593
3;11;0.535014
4;11;0.850256
1;12;0.363472
2;12;0.626626
3;12;0.534251
4;12;0.850314
1;13;0.368119
2;13;0.629734
3;13;0.539010
4;13;1.028626
1;14;0.365956
2;14;0.627498
3;14;0.535354
4;14;1.121141
1;15;0.360511
2;15;0.604421
3;15;0.535353
4;15;1.210710
1;16;0.363115
2;16;0.605503
3;16;0.532525
4;16;1.301659
1;17;0.358935
2;17;0.606308
3;17;0.538059
4;17;1.387461
1;18;0.360844
2;18;0.620166
3;18;0.534334
4;18;1.476870
1;19;0.360039
2;19;0.622715
3;19;0.537058
4;19;1.582984
1;20;0.370229
2;20;0.619779
3;20;0.536144
4;20;1.655257
1;1;0.257646
2;1;0.048611
3;1;0.374603
4;1;0.020164
1;2;0.350423
2;2;0.171803
3;2;0.466859
4;2;0.063354
1;3;0.379583
2;3;0.335027
3;3;0.509222
4;3;0.138376
1;4;0.394822
2;4;0.427946
3;4;0.527640
4;4;0.227021
1;5;0.386136
2;5;0.490322
3;5;0.544730
4;5;0.316223
1;6;0.416061
2;6;0.577775
3;6;0.546609
4;6;0.406147
1;7;0.364566
2;7;0.602865
3;7;0.537634
4;7;0.490042
1;8;0.359114
2;8;0.614769
3;8;0.536322
4;8;0.582504
1;9;0.366923
2;9;0.623370
3;9;0.539199
4;9;0.675619
1;10;0.360145
2;10;0.611638
3;10;0.536033
4;10;0.763005
1;11;0.363678
2;11;0.612857
3;11;0.540038
4;11;0.851006
1;12;0.362387
2;12;0.619843
3;12;0.535710
4;12;0.846713
1;13;0.360669
2;13;0.622447
3;13;0.536940
4;13;1.030040
1;14;0.362136
2;14;0.623275
3;14;0.537612
4;14;1.118444
1;15;0.361057
2;15;0.597821
3;15;0.536435
4;15;1.363950
1;16;0.373999
2;16;0.596784
3;16;0.537479
4;16;1.295376
1;17;0.363028
2;17;0.602732
3;17;0.537577
4;17;1.386226
1;18;0.364319
2;18;0.621477
3;18;0.539658
4;18;1.477721
1;19;0.360821
2;19;0.614983
3;19;0.538213
4;19;1.565457
1;20;0.361201
2;20;0.614853
3;20;0.538068
4;20;1.654374
1;1;0.253549
2;1;0.048485
3;1;0.376719
4;1;0.019854
1;2;0.345396
2;2;0.171172
3;2;0.468554
4;2;0.064027
1;3;0.377699
2;3;0.333510
3;3;0.507725
4;3;0.141821
1;4;0.400473
2;4;0.428470
3;4;0.528476
4;4;0.226989
1;5;0.387521
2;5;0.491617
3;5;0.543387
4;5;0.316663
1;6;0.363073
2;6;0.568560
3;6;0.541839
4;6;0.405280
1;7;0.360024
2;7;0.604630
3;7;0.537301
4;7;0.492913
1;8;0.363081
2;8;0.610391
3;8;0.538090
4;8;0.582671
1;9;0.367972
2;9;0.626078
3;9;0.537759
4;9;0.670277
1;10;0.361461
2;10;0.606613
3;10;0.539430
4;10;0.760804
1;11;0.362363
2;11;0.607906
3;11;0.538641
4;11;0.853107
1;12;0.367894
2;12;0.631835
3;12;0.534829
4;12;0.854350
1;13;0.361131
2;13;0.617625
3;13;0.536821
4;13;1.029669
1;14;0.362475
2;14;0.624084
3;14;0.540747
4;14;1.120378
1;15;0.361475
2;15;0.597277
3;15;0.536990
4;15;1.206946
1;16;0.365905
2;16;0.601712
3;16;0.540562
4;16;1.296268
1;17;0.366063
2;17;0.594914
3;17;0.537372
4;17;1.380603
1;18;0.366539
2;18;0.612105
3;18;0.536730
4;18;1.481412
1;19;0.365516
2;19;0.613465
3;19;0.537104
4;19;1.555294
1;20;0.361972
2;20;0.607214
3;20;0.537377
4;20;1.653883
1;1;0.255958
2;1;0.048324
3;1;0.376741
4;1;0.019840
1;2;0.349533
2;2;0.172590
3;2;0.469866
4;2;0.063189
1;3;0.380007
2;3;0.334821
3;3;0.506861
4;3;0.138820
1;4;0.395258
2;4;0.430595
3;4;0.529330
4;4;0.226133
1;5;0.385879
2;5;0.501344
3;5;0.544066
4;5;0.315372
1;6;0.367006
2;6;0.572221
3;6;0.542204
4;6;0.404037
1;7;0.365100
2;7;0.599450
3;7;0.535934
4;7;0.492709
1;8;0.362038
2;8;0.599543
3;8;0.543406
4;8;0.581761
1;9;0.362622
2;9;0.621223
3;9;0.537566
4;9;0.671601
1;10;0.365522
2;10;0.602615
3;10;0.536315
4;10;0.757783
1;11;0.359951
2;11;0.606431
3;11;0.538180
4;11;0.849132
1;12;0.363505
2;12;0.613399
3;12;0.536241
4;12;0.847609
1;13;0.359357
2;13;0.612234
3;13;0.536048
4;13;1.027768
1;14;0.366511
2;14;0.613186
3;14;0.538717
4;14;1.114006
1;15;0.359003
2;15;0.594898
3;15;0.536098
4;15;1.205656
1;16;0.363177
2;16;0.589868
3;16;0.538158
4;16;1.296605
1;17;0.363048
2;17;0.592406
3;17;0.535906
4;17;1.382006
1;18;0.371877
2;18;0.630219
3;18;0.536972
4;18;1.447027
1;19;0.356501
2;19;0.601815
3;19;0.532211
4;19;1.542630
1;20;0.359630
2;20;0.597755
3;20;0.531375
4;20;1.624917
1;1;0.249484
2;1;0.046151
3;1;0.373250
4;1;0.018940
1;2;0.349915
2;2;0.168272
3;2;0.468806
4;2;0.062160
1;3;0.375482
2;3;0.335965
3;3;0.503303
4;3;0.137485
1;4;0.390460
2;4;0.428902
3;4;0.525199
4;4;0.222949
1;5;0.388154
2;5;0.482156
3;5;0.537737
4;5;0.312442
1;6;0.363237
2;6;0.554155
3;6;0.537827
4;6;0.397421
1;7;0.361860
2;7;0.589458
3;7;0.533295
4;7;0.485800
1;8;0.355839
2;8;0.589989
3;8;0.536777
4;8;0.574492
1;9;0.359213
2;9;0.616316
3;9;0.532632
4;9;0.661167
1;10;0.357096
2;10;0.598032
3;10;0.533522
4;10;0.749598
1;11;0.356042
2;11;0.591809
3;11;0.531604
4;11;0.838551
1;12;0.359858
2;12;0.598274
3;12;0.534494
4;12;0.837668
1;13;0.376634
2;13;0.591758
3;13;0.530020
4;13;1.014227
1;14;0.357700
2;14;0.643527
3;14;0.571248
4;14;1.231201
1;15;0.359436
2;15;0.583541
3;15;0.533856
4;15;1.190621
1;16;0.359047
2;16;0.587050
3;16;0.533418
4;16;1.272893
1;17;0.356881
2;17;0.596661
3;17;0.531734
4;17;1.365141
1;18;0.359063
2;18;0.598058
3;18;0.532421
4;18;1.446481
1;19;0.356051
2;19;0.600158
3;19;0.533641
4;19;1.541219
1;20;0.357707
2;20;0.597846
3;20;0.533121
4;20;1.623497
1;1;0.251426
2;1;0.046523
3;1;0.372887
4;1;0.019075
1;2;0.345412
2;2;0.168438
3;2;0.474735
4;2;0.062103
1;3;0.374367
2;3;0.334163
3;3;0.505409
4;3;0.137375
1;4;0.385083
2;4;0.431076
3;4;0.523941
4;4;0.222502
1;5;0.383217
2;5;0.484034
3;5;0.540413
4;5;0.311232
1;6;0.365122
2;6;0.573429
3;6;0.539548
4;6;0.398285
1;7;0.358200
2;7;0.585356
3;7;0.531243
4;7;0.486614
1;8;0.356877
2;8;0.585655
3;8;0.529454
4;8;0.575217
1;9;0.362664
2;9;0.613860
3;9;0.534612
4;9;0.664766
1;10;0.361359
2;10;0.590075
3;10;0.531158
4;10;0.747599
1;11;0.356860
2;11;0.591507
3;11;0.532028
4;11;0.830330
1;12;0.356986
2;12;0.618748
3;12;0.534931
4;12;0.837133
1;13;0.360452
2;13;0.600124
3;13;0.531297
4;13;1.015197
1;14;0.359056
2;14;0.599322
3;14;0.533302
4;14;1.100161
1;15;0.360185
2;15;0.590378
3;15;0.532175
4;15;1.187315
1;16;0.357210
2;16;0.582957
3;16;0.533656
4;16;1.279240
1;17;0.358829
2;17;0.576749
3;17;0.533487
4;17;1.363630
1;18;0.356146
2;18;0.594908
3;18;0.531200
4;18;1.445412
1;19;0.362182
2;19;0.591558
3;19;0.532377
4;19;1.539613
1;20;0.357059
2;20;0.590185
3;20;0.530255
4;20;1.621801
1;1;0.250329
2;1;0.046950
3;1;0.372504
4;1;0.019356
1;2;0.343667
2;2;0.167822
3;2;0.469585
4;2;0.062469
1;3;0.373721
2;3;0.334156
3;3;0.500251
4;3;0.135353
1;4;0.385603
2;4;0.433053
3;4;0.524396
4;4;0.222260
1;5;0.389904
2;5;0.498815
3;5;0.540771
4;5;0.310721
1;6;0.361104
2;6;0.560251
3;6;0.538537
4;6;0.398040
1;7;0.360138
2;7;0.579126
3;7;0.531303
4;7;0.484699
1;8;0.356282
2;8;0.588228
3;8;0.534498
4;8;0.574458
1;9;0.360198
2;9;0.611837
3;9;0.533661
4;9;0.658105
1;10;0.359011
2;10;0.589310
3;10;0.533617
4;10;0.749295
1;11;0.358191
2;11;0.584295
3;11;0.532769
4;11;0.837011
1;12;0.363161
2;12;0.600922
3;12;0.533796
4;12;0.837731
1;13;0.357631
2;13;0.599746
3;13;0.533625
4;13;1.012977
1;14;0.357766
2;14;0.597096
3;14;0.534230
4;14;1.101990
1;15;0.357023
2;15;0.591775
3;15;0.536985
4;15;1.195259
1;16;0.357531
2;16;0.587683
3;16;0.532236
4;16;1.274274
1;17;0.355901
2;17;0.582653
3;17;0.531399
4;17;1.364969
1;18;0.356730
2;18;0.596947
3;18;0.533080
4;18;1.458236
1;19;0.357326
2;19;0.589565
3;19;0.533138
4;19;1.535773
1;20;0.360643
2;20;0.589665
3;20;0.532508
4;20;1.628578
1;1;0.250922
2;1;0.046504
3;1;0.371657
4;1;0.019053
1;2;0.360632
2;2;0.168915
3;2;0.469255
4;2;0.061767
1;3;0.372970
2;3;0.330323
3;3;0.498872
4;3;0.136188
1;4;0.392762
2;4;0.432889
3;4;0.524977
4;4;0.223055
1;5;0.383970
2;5;0.480463
3;5;0.539982
4;5;0.310972
1;6;0.361926
2;6;0.553717
3;6;0.540525
4;6;0.398551
1;7;0.357062
2;7;0.583248
3;7;0.530923
4;7;0.485088
1;8;0.362883
2;8;0.586719
3;8;0.530787
4;8;0.572187
1;9;0.357649
2;9;0.616264
3;9;0.533022
4;9;0.657586
1;10;0.361959
2;10;0.588321
3;10;0.535809
4;10;0.750017
1;11;0.358554
2;11;0.590023
3;11;0.534207
4;11;0.837155
1;12;0.360268
2;12;0.593093
3;12;0.531575
4;12;0.835414
1;13;0.361717
2;13;0.613856
3;13;0.534599
4;13;1.013861
1;14;0.364887
2;14;0.594084
3;14;0.532508
4;14;1.105872
1;15;0.360677
2;15;0.582676
3;15;0.534139
4;15;1.189682
1;16;0.358407
2;16;0.582894
3;16;0.533633
4;16;1.277613
1;17;0.360227
2;17;0.599295
3;17;0.533004
4;17;1.364999
1;18;0.358166
2;18;0.595583
3;18;0.534522
4;18;1.454226
1;19;0.359214
2;19;0.592712
3;19;0.534030
4;19;1.540865
1;20;0.362203
2;20;0.594214
3;20;0.532496
4;20;1.630870
1;1;0.250249
2;1;0.046972
3;1;0.373108
4;1;0.018935
1;2;0.341498
2;2;0.168088
3;2;0.466129
4;2;0.062276
1;3;0.379782
2;3;0.330582
3;3;0.500788
4;3;0.136531
1;4;0.394389
2;4;0.424178
3;4;0.524045
4;4;0.223140
1;5;0.382670
2;5;0.483114
3;5;0.540290
4;5;0.310716
1;6;0.362077
2;6;0.555042
3;6;0.538397
4;6;0.398363
1;7;0.356852
2;7;0.586075
3;7;0.532467
4;7;0.484016
1;8;0.356872
2;8;0.593776
3;8;0.539333
4;8;0.577849
1;9;0.355898
2;9;0.613548
3;9;0.530986
4;9;0.659212
1;10;0.364220
2;10;0.575801
3;10;0.535452
4;10;0.746514
1;11;0.362459
2;11;0.589034
3;11;0.533625
4;11;0.833264
1;12;0.359805
2;12;0.610923
3;12;0.533001
4;12;0.837635
1;13;0.357393
2;13;0.588377
3;13;0.534265
4;13;1.016743
1;14;0.359656
2;14;0.590706
3;14;0.532798
4;14;1.101507
1;15;0.362150
2;15;0.580949
3;15;0.534432
4;15;1.189462
1;16;0.364622
2;16;0.589390
3;16;0.534552
4;16;1.277075
1;17;0.355493
2;17;0.579653
3;17;0.531549
4;17;1.358851
1;18;0.358525
2;18;0.594857
3;18;0.532778
4;18;1.451647
1;19;0.357392
2;19;0.594490
3;19;0.534127
4;19;1.540917
1;20;0.358396
2;20;0.588312
3;20;0.534927
4;20;1.626993
1;1;0.252456
2;1;0.047717
3;1;0.374559
4;1;0.019419
1;2;0.342616
2;2;0.167356
3;2;0.460549
4;2;0.061283
1;3;0.376226
2;3;0.325454
3;3;0.506116
4;3;0.135995
1;4;0.387996
2;4;0.417740
3;4;0.526872
4;4;0.222608
1;5;0.384096
2;5;0.493570
3;5;0.541122
4;5;0.311097
1;6;0.363636
2;6;0.556300
3;6;0.540154
4;6;0.398366
1;7;0.359769
2;7;0.590002
3;7;0.532287
4;7;0.484474
1;8;0.364399
2;8;0.588741
3;8;0.532502
4;8;0.576250
1;9;0.357839
2;9;0.611493
3;9;0.534627
4;9;0.661549
1;10;0.357865
2;10;0.592236
3;10;0.533612
4;10;0.750459
1;11;0.356655
2;11;0.590368
3;11;0.532228
4;11;0.837676
1;12;0.364200
2;12;0.598475
3;12;0.532894
4;12;0.839370
1;13;0.359133
2;13;0.595221
3;13;0.532900
4;13;1.013801
1;14;0.355895
2;14;0.595200
3;14;0.532919
4;14;1.102598
1;15;0.361420
2;15;0.579617
3;15;0.532203
4;15;1.189485
1;16;0.356578
2;16;0.581803
3;16;0.534789
4;16;1.293826
1;17;0.362478
2;17;0.599015
3;17;0.533793
4;17;1.367400
1;18;0.359268
2;18;0.616377
3;18;0.538710
4;18;1.449870
1;19;0.358238
2;19;0.594775
3;19;0.534075
4;19;1.540917
1;20;0.363093
2;20;0.590835
3;20;0.532254
4;20;1.622499
1;1;0.258974
2;1;0.049759
3;1;0.385180
4;1;0.020179
1;2;0.357784
2;2;0.177936
3;2;0.479119
4;2;0.065163
1;3;0.403459
2;3;0.355496
3;3;0.514542
4;3;0.140422
1;4;0.396692
2;4;0.427811
3;4;0.525917
4;4;0.227472
1;5;0.389645
2;5;0.490323
3;5;0.557532
4;5;0.316949
1;6;0.368777
2;6;0.604015
3;6;0.549305
4;6;0.407534
1;7;0.363681
2;7;0.615727
3;7;0.543414
4;7;0.495319
1;8;0.362665
2;8;0.623719
3;8;0.532937
4;8;0.583514
1;9;0.391792
2;9;0.687600
3;9;0.594119
4;9;0.667884
1;10;0.363065
2;10;0.617416
3;10;0.532752
4;10;0.763296
1;11;0.361646
2;11;0.613995
3;11;0.533746
4;11;0.847371
1;12;0.369752
2;12;0.631168
3;12;0.534701
4;12;0.858904
1;13;0.366779
2;13;0.628049
3;13;0.535451
4;13;1.031795
1;14;0.365669
2;14;0.625982
3;14;0.534598
4;14;1.125210
1;15;0.364939
2;15;0.611870
3;15;0.534039
4;15;1.212069
1;16;0.365455
2;16;0.606997
3;16;0.532934
4;16;1.299609
1;17;0.367927
2;17;0.622386
3;17;0.537890
4;17;1.389010
1;18;0.364693
2;18;0.634232
3;18;0.540188
4;18;1.484544
1;19;0.372911
2;19;0.625673
3;19;0.534187
4;19;1.576617
1;20;0.366812
2;20;0.623890
3;20;0.535864
4;20;1.657598
1;1;0.305445
2;1;0.049648
3;1;0.393738
4;1;0.020103
1;2;0.394970
2;2;0.249770
3;2;0.492559
4;2;0.066917
1;3;0.403603
2;3;0.339435
3;3;0.525915
4;3;0.141599
1;4;0.410551
2;4;0.430877
3;4;0.547410
4;4;0.233000
1;5;0.395856
2;5;0.499391
3;5;0.570692
4;5;0.323489
1;6;0.374685
2;6;0.592715
3;6;0.564698
4;6;0.413876
1;7;0.402855
2;7;0.671964
3;7;0.560234
4;7;0.506139
1;8;0.374443
2;8;0.650713
3;8;0.559757
4;8;0.597427
1;9;0.372214
2;9;0.651355
3;9;0.560627
4;9;0.690092
1;10;0.378254
2;10;0.667808
3;10;0.570060
4;10;0.795705
1;11;0.366141
2;11;0.649387
3;11;0.550899
4;11;0.852723
1;12;0.409991
2;12;0.739255
3;12;0.590539
4;12;0.974822
1;13;0.385914
2;13;0.652805
3;13;0.559372
4;13;1.056447
1;14;0.370589
2;14;0.632312
3;14;0.550036
4;14;1.129566
1;15;0.385062
2;15;0.617689
3;15;0.555761
4;15;1.220673
1;16;0.373460
2;16;0.612060
3;16;0.548856
4;16;1.334119
1;17;0.367875
2;17;0.629422
3;17;0.551725
4;17;1.403587
1;18;0.372950
2;18;0.641177
3;18;0.551772
4;18;1.550008
1;19;0.366685
2;19;0.635035
3;19;0.548995
4;19;1.582854
1;20;0.367378
2;20;0.634008
3;20;0.549688
4;20;1.683872
1;1;0.255707
2;1;0.047284
3;1;0.385953
4;1;0.019261
1;2;0.350467
2;2;0.170640
3;2;0.477794
4;2;0.063463
1;3;0.380827
2;3;0.342812
3;3;0.514800
4;3;0.139479
1;4;0.387840
2;4;0.435214
3;4;0.537442
4;4;0.228010
1;5;0.391062
2;5;0.490385
3;5;0.553941
4;5;0.317965
1;6;0.368603
2;6;0.572519
3;6;0.542362
4;6;0.401521
1;7;0.357157
2;7;0.627469
3;7;0.551933
4;7;0.499489
1;8;0.365054
2;8;0.629010
3;8;0.549362
4;8;0.589099
1;9;0.367587
2;9;0.640944
3;9;0.547972
4;9;0.678151
1;10;0.360725
2;10;0.624046
3;10;0.549007
4;10;0.768683
1;11;0.360865
2;11;0.624197
3;11;0.554861
4;11;0.859571
1;12;0.369855
2;12;0.632121
3;12;0.537573
4;12;0.850273
1;13;0.363703
2;13;0.654744
3;13;0.536492
4;13;1.028899
1;14;0.373311
2;14;0.627920
3;14;0.552811
4;14;1.130885
1;15;0.363968
2;15;0.622186
3;15;0.549985
4;15;1.219151
1;16;0.365441
2;16;0.616344
3;16;0.546701
4;16;1.306472
1;17;0.364110
2;17;0.612684
3;17;0.545301
4;17;1.465761
1;18;0.378297
2;18;0.656585
3;18;0.603780
4;18;1.688937
1;19;0.374129
2;19;0.649842
3;19;0.586526
4;19;1.634855
1;20;0.375422
2;20;0.650742
3;20;0.559972
4;20;1.700695
1;1;0.260838
2;1;0.048031
3;1;0.397654
4;1;0.019787
1;2;0.364535
2;2;0.175184
3;2;0.486735
4;2;0.064115
1;3;0.390890
2;3;0.348932
3;3;0.526767
4;3;0.143492
1;4;0.406969
2;4;0.434465
3;4;0.551459
4;4;0.231204
1;5;0.394109
2;5;0.521560
3;5;0.569281
4;5;0.322328
1;6;0.375858
2;6;0.587374
3;6;0.566703
4;6;0.413066
1;7;0.386382
2;7;0.626423
3;7;0.558608
4;7;0.503871
1;8;0.382962
2;8;0.639427
3;8;0.560890
4;8;0.595379
1;9;0.372214
2;9;0.650739
3;9;0.561949
4;9;0.693940
1;10;0.387214
2;10;0.639572
3;10;0.560435
4;10;0.778882
1;11;0.369793
2;11;0.698707
3;11;0.607528
4;11;0.894437
1;12;0.375545
2;12;0.651978
3;12;0.558982
4;12;0.870177
1;13;0.369892
2;13;0.646851
3;13;0.558755
4;13;1.052859
1;14;0.373018
2;14;0.654296
3;14;0.559811
4;14;1.141964
1;15;0.372541
2;15;0.626775
3;15;0.558983
4;15;1.235072
1;16;0.373810
2;16;0.626028
3;16;0.552780
4;16;1.322558
1;17;0.375711
2;17;0.619392
3;17;0.560280
4;17;1.417042
1;18;0.371306
2;18;0.638223
3;18;0.558680
4;18;1.506895
1;19;0.378469
2;19;0.646127
3;19;0.558666
4;19;1.600031
1;20;0.369469
2;20;0.639234
3;20;0.558937
4;20;1.689872
1;1;0.261624
2;1;0.048228
3;1;0.395659
4;1;0.019869
1;2;0.357971
2;2;0.180798
3;2;0.487383
4;2;0.064216
1;3;0.388082
2;3;0.347419
3;3;0.524780
4;3;0.142523
1;4;0.401363
2;4;0.436109
3;4;0.544548
4;4;0.230837
1;5;0.398168
2;5;0.505785
3;5;0.567711
4;5;0.322261
1;6;0.375263
2;6;0.589457
3;6;0.565095
4;6;0.411919
1;7;0.382796
2;7;0.625022
3;7;0.558604
4;7;0.504281
1;8;0.369441
2;8;0.642849
3;8;0.558901
4;8;0.595799
1;9;0.372519
2;9;0.654103
3;9;0.556551
4;9;0.686867
1;10;0.375587
2;10;0.637008
3;10;0.559371
4;10;0.776852
1;11;0.372297
2;11;0.639825
3;11;0.558451
4;11;0.869741
1;12;0.369570
2;12;0.660740
3;12;0.560977
4;12;0.870622
1;13;0.374996
2;13;0.652846
3;13;0.558463
4;13;1.052263
1;14;0.372141
2;14;0.653678
3;14;0.557323
4;14;1.134610
1;15;0.370012
2;15;0.625923
3;15;0.558464
4;15;1.234542
1;16;0.372801
2;16;0.624711
3;16;0.553290
4;16;1.325316
1;17;0.371094
2;17;0.629324
3;17;0.559737
4;17;1.418594
1;18;0.370676
2;18;0.643885
3;18;0.559996
4;18;1.507500
1;19;0.377654
2;19;0.645703
3;19;0.559592
4;19;1.598308
1;20;0.374405
2;20;0.644976
3;20;0.554796
4;20;1.683298
1;1;0.294125
2;1;0.059263
3;1;0.429984
4;1;0.020779
1;2;0.423607
2;2;0.202672
3;2;0.545276
4;2;0.067981
1;3;0.456882
2;3;0.419159
3;3;0.595747
4;3;0.151958
1;4;0.469249
2;4;0.558848
3;4;0.662730
4;4;0.253768
1;5;0.454861
2;5;0.564064
3;5;0.642173
4;5;0.350093
1;6;0.377750
2;6;0.582748
3;6;0.564283
4;6;0.413783
1;7;0.370428
2;7;0.631061
3;7;0.558894
4;7;0.504476
1;8;0.371728
2;8;0.654335
3;8;0.559071
4;8;0.595645
1;9;0.372127
2;9;0.655273
3;9;0.560915
4;9;0.690378
1;10;0.374073
2;10;0.630493
3;10;0.564812
4;10;0.778716
1;11;0.373606
2;11;0.645298
3;11;0.558050
4;11;0.871587
1;12;0.374761
2;12;0.668051
3;12;0.558176
4;12;0.868709
1;13;0.372591
2;13;0.658899
3;13;0.559549
4;13;1.052587
1;14;0.373896
2;14;0.658974
3;14;0.560610
4;14;1.143840
1;15;0.373440
2;15;0.628682
3;15;0.558639
4;15;1.233964
1;16;0.380189
2;16;0.626774
3;16;0.558392
4;16;1.323034
1;17;0.379741
2;17;0.623776
3;17;0.559931
4;17;1.418137
1;18;0.370657
2;18;0.647438
3;18;0.560102
4;18;1.497063
1;19;0.376067
2;19;0.644043
3;19;0.559963
4;19;1.598848
1;20;0.371117
2;20;0.646169
3;20;0.559132
4;20;1.689901
1;1;0.261107
2;1;0.047713
3;1;0.395638
4;1;0.019782
1;2;0.359391
2;2;0.175709
3;2;0.487278
4;2;0.063549
1;3;0.397828
2;3;0.347748
3;3;0.524006
4;3;0.141298
1;4;0.402988
2;4;0.449348
3;4;0.549425
4;4;0.230584
1;5;0.398973
2;5;0.505850
3;5;0.566626
4;5;0.321995
1;6;0.377615
2;6;0.605143
3;6;0.566684
4;6;0.412964
1;7;0.373326
2;7;0.631554
3;7;0.558777
4;7;0.505011
1;8;0.376977
2;8;0.632597
3;8;0.558316
4;8;0.595563
1;9;0.370958
2;9;0.676088
3;9;0.563544
4;9;0.687960
1;10;0.370169
2;10;0.641300
3;10;0.559006
4;10;0.777320
1;11;0.372816
2;11;0.642855
3;11;0.558818
4;11;0.869398
1;12;0.378665
2;12;0.655365
3;12;0.558516
4;12;0.863644
1;13;0.371020
2;13;0.652555
3;13;0.558582
4;13;1.128817
1;14;0.371177
2;14;0.652727
3;14;0.559784
4;14;1.143220
1;15;0.372430
2;15;0.630640
3;15;0.558982
4;15;1.232942
1;16;0.378105
2;16;0.628814
3;16;0.559279
4;16;1.325950
1;17;0.369997
2;17;0.624300
3;17;0.596387
4;17;1.434632
1;18;0.369917
2;18;0.649037
3;18;0.560112
4;18;1.505654
1;19;0.379442
2;19;0.636575
3;19;0.558836
4;19;1.599797
1;20;0.374121
2;20;0.646174
3;20;0.558330
4;20;1.702928
1;1;0.262175
2;1;0.052802
3;1;0.387734
4;1;0.019455
1;2;0.364719
2;2;0.175030
3;2;0.495608
4;2;0.063916
1;3;0.395522
2;3;0.340437
3;3;0.526368
4;3;0.140893
1;4;0.413167
2;4;0.471628
3;4;0.550854
4;4;0.230373
1;5;0.396317
2;5;0.516717
3;5;0.574549
4;5;0.321244
1;6;0.379797
2;6;0.591421
3;6;0.566315
4;6;0.411889
1;7;0.371121
2;7;0.635976
3;7;0.561560
4;7;0.503175
1;8;0.375446
2;8;0.643225
3;8;0.560015
4;8;0.594024
1;9;0.374725
2;9;0.652685
3;9;0.558652
4;9;0.685149
1;10;0.370165
2;10;0.639980
3;10;0.560656
4;10;0.776946
1;11;0.373540
2;11;0.641965
3;11;0.552734
4;11;0.866886
1;12;0.370961
2;12;0.659123
3;12;0.562039
4;12;0.867508
1;13;0.375238
2;13;0.651714
3;13;0.560792
4;13;1.068796
1;14;0.371357
2;14;0.652588
3;14;0.559751
4;14;1.138518
1;15;0.371678
2;15;0.624286
3;15;0.560511
4;15;1.242833
1;16;0.371862
2;16;0.636617
3;16;0.554614
4;16;1.322657
1;17;0.373804
2;17;0.634522
3;17;0.561863
4;17;1.412451
1;18;0.374163
2;18;0.647416
3;18;0.559938
4;18;1.503664
1;19;0.371593
2;19;0.646833
3;19;0.559256
4;19;1.595094
1;20;0.376355
2;20;0.648876
3;20;0.561020
4;20;1.685354
1;1;0.259783
2;1;0.048264
3;1;0.395084
4;1;0.019909
1;2;0.362051
2;2;0.173684
3;2;0.488720
4;2;0.063959
1;3;0.392099
2;3;0.340217
3;3;0.528975
4;3;0.140816
1;4;0.410005
2;4;0.440762
3;4;0.554868
4;4;0.229826
1;5;0.397400
2;5;0.511976
3;5;0.563582
4;5;0.320207
1;6;0.374305
2;6;0.595079
3;6;0.569097
4;6;0.411932
1;7;0.371770
2;7;0.634572
3;7;0.559113
4;7;0.503346
1;8;0.380245
2;8;0.644078
3;8;0.559503
4;8;0.593849
1;9;0.375470
2;9;0.638499
3;9;0.560329
4;9;0.677885
1;10;0.368601
2;10;0.647060
3;10;0.561535
4;10;0.776143
1;11;0.369168
2;11;0.642584
3;11;0.560616
4;11;0.866472
1;12;0.374229
2;12;0.654433
3;12;0.555021
4;12;0.862836
1;13;0.377753
2;13;0.668457
3;13;0.562630
4;13;1.049482
1;14;0.380583
2;14;0.651965
3;14;0.560104
4;14;1.141090
1;15;0.416938
2;15;0.650019
3;15;0.598414
4;15;1.238899
1;16;0.382197
2;16;0.669699
3;16;0.561389
4;16;1.329165
1;17;0.376525
2;17;0.628689
3;17;0.559317
4;17;1.448846
1;18;0.377880
2;18;0.680892
3;18;0.593176
4;18;1.542579
1;19;0.376063
2;19;0.645297
3;19;0.561460
4;19;1.605952
1;20;0.372654
2;20;0.647026
3;20;0.560468
4;20;1.693139
1;1;0.273987
2;1;0.048828
3;1;0.393801
4;1;0.020019
1;2;0.360003
2;2;0.176181
3;2;0.487910
4;2;0.064865
1;3;0.400724
2;3;0.342820
3;3;0.529431
4;3;0.141694
1;4;0.408187
2;4;0.455611
3;4;0.545775
4;4;0.231731
1;5;0.397326
2;5;0.507886
3;5;0.568971
4;5;0.324812
1;6;0.408846
2;6;0.618297
3;6;0.579821
4;6;0.454131
1;7;0.408307
2;7;0.876384
3;7;0.662933
4;7;0.647085
1;8;0.593229
2;8;0.782634
3;8;0.697648
4;8;0.646982
1;9;0.391346
2;9;0.705013
3;9;0.600503
4;9;0.730185
1;10;0.456325
2;10;0.738531
3;10;0.628076
4;10;0.802047
1;11;0.391447
2;11;0.658590
3;11;0.572635
4;11;0.896191
1;12;0.387894
2;12;0.665719
3;12;0.572649
4;12;0.895158
1;13;0.457905
2;13;0.687350
3;13;0.582861
4;13;1.157072
1;14;0.462460
2;14;0.807331
3;14;0.636917
4;14;1.311783
1;15;0.389261
2;15;0.669968
3;15;0.587446
4;15;1.274067
1;16;0.402736
2;16;0.655297
3;16;0.570317
4;16;1.368595
1;17;0.447377
2;17;0.731858
3;17;0.645481
4;17;1.711061
1;18;0.406262
2;18;0.707627
3;18;0.597558
4;18;1.530120
1;19;0.438089
2;19;0.677150
3;19;0.593594
4;19;1.670424
1;20;0.554270
2;20;0.920250
3;20;0.870107
4;20;2.184674
1;1;0.265351
2;1;0.051834
3;1;0.428082
4;1;0.020129
1;2;0.370195
2;2;0.193170
3;2;0.518284
4;2;0.066408
1;3;0.408809
2;3;0.374042
3;3;0.548241
4;3;0.145071
1;4;0.420399
2;4;0.482072
3;4;0.555992
4;4;0.232175
1;5;0.404766
2;5;0.551434
3;5;0.611028
4;5;0.335471
1;6;0.399467
2;6;0.643733
3;6;0.572198
4;6;0.424717
1;7;0.388114
2;7;0.662148
3;7;0.589467
4;7;0.528467
1;8;0.392751
2;8;0.682285
3;8;0.567720
4;8;0.621840
1;9;0.386472
2;9;0.708946
3;9;0.576805
4;9;0.697302
1;10;0.385268
2;10;0.696437
3;10;0.630563
4;10;0.864347
1;11;0.550523
2;11;0.812252
3;11;0.752401
4;11;0.948087
1;12;0.511937
2;12;0.790482
3;12;0.690009
4;12;1.057363
1;13;0.413811
2;13;0.698967
3;13;0.614652
4;13;1.225261
1;14;0.411559
2;14;0.702764
3;14;0.598780
4;14;1.176586
1;15;0.452810
2;15;0.838145
3;15;0.687639
4;15;1.434936
1;16;0.410351
2;16;0.687038
3;16;0.594559
4;16;1.387501
1;17;0.408739
2;17;0.649144
3;17;0.576186
4;17;1.495002
1;18;0.444596
2;18;0.673763
3;18;0.589253
4;18;1.580216
1;19;0.437123
2;19;0.910874
3;19;0.622896
4;19;1.630139
1;20;0.444917
2;20;0.917216
3;20;0.644497
4;20;1.893472
1;1;0.300105
2;1;0.049193
3;1;0.404664
4;1;0.020136
1;2;0.351724
2;2;0.174653
3;2;0.482127
4;2;0.064732
1;3;0.380138
2;3;0.352821
3;3;0.503644
4;3;0.140074
1;4;0.391888
2;4;0.442664
3;4;0.524438
4;4;0.226810
1;5;0.392730
2;5;0.495690
3;5;0.542302
4;5;0.316753
1;6;0.370922
2;6;0.578683
3;6;0.537687
4;6;0.403773
1;7;0.362758
2;7;0.625612
3;7;0.567427
4;7;0.512408
1;8;0.373182
1;1;0.295236
2;1;0.049153
3;1;0.391349
4;1;0.020085
1;2;0.357251
2;2;0.188575
3;2;0.487963
4;2;0.065920
1;3;0.395527
2;3;0.372797
3;3;0.528551
4;3;0.142050
1;4;0.388772
2;4;0.442543
3;4;0.528325
4;4;0.226551
1;5;0.389921
2;5;0.503343
3;5;0.569846
4;5;0.328282
1;1;0.290155
2;1;0.048941
3;1;0.374534
4;1;0.019713
1;2;0.355050
2;2;0.173617
3;2;0.488275
4;2;0.064050
1;3;0.380743
2;3;0.344602
3;3;0.508595
4;3;0.140915
1;4;0.389899
2;4;0.430133
3;4;0.525626
4;4;0.226616
1;5;0.389481
2;5;0.496476
3;5;0.545589
4;5;0.315235
1;6;0.365946
2;6;0.582878
3;6;0.546775
4;6;0.403174
1;7;0.368963
2;7;0.670966
3;7;0.599229
4;7;0.660862
1;8;0.364090
2;8;0.614967
3;8;0.537283
4;8;0.576933
1;9;0.417373
2;9;0.687653
3;9;0.629032
4;9;0.825883
1;10;0.417959
2;10;0.664166
3;10;0.580145
4;10;0.773113
1;11;0.369404
2;11;0.639203
3;11;0.543774
4;11;0.867027
1;12;0.361933
2;12;0.646585
3;12;0.558614
4;12;0.889234
1;13;0.396093
2;13;0.685776
3;13;0.602143
4;13;1.133864
1;14;0.438706
2;14;0.769559
3;14;0.608656
4;14;1.176194
1;15;0.362275
2;15;0.665047
3;15;0.574241
4;15;1.261107
1;16;0.366538
2;16;0.598611
3;16;0.540105
4;16;1.291456
1;17;0.364977
2;17;0.604339
3;17;0.540174
4;17;1.424162
1;18;0.369919
2;18;0.625397
3;18;0.537073
4;18;1.470326
1;19;0.391991
2;19;0.647691
3;19;0.560200
4;19;1.737583
1;20;0.389178
2;20;0.643791
3;20;0.594927
4;20;1.833857
1;1;0.271119
2;1;0.049131
3;1;0.385326
4;1;0.019673
1;2;0.394746
2;2;0.177482
3;2;0.497561
4;2;0.063424
1;3;0.398517
2;3;0.422397
3;3;0.606970
4;3;0.141644
1;4;0.522107
2;4;0.435935
3;4;0.570062
4;4;0.242614
1;5;0.495403
2;5;0.688316
3;5;0.640490
4;5;0.356103
1;6;0.395531
2;6;0.604720
3;6;0.578796
4;6;0.415855
1;7;0.396224
2;7;0.647681
3;7;0.572702
4;7;0.537221
1;8;0.385621
2;8;0.754686
3;8;0.590415
4;8;0.630303
1;9;0.388249
2;9;0.697597
3;9;0.587426
4;9;0.690384
1;10;0.422026
2;10;0.741223
3;10;0.555355
4;10;0.788573
1;11;0.378596
2;11;0.682401
3;11;0.560766
4;11;0.939144
1;12;0.393098
2;12;0.695951
3;12;0.576093
4;12;0.944271
1;13;0.384761
2;13;0.787890
3;13;0.591974
4;13;1.138852
1;14;0.426360
2;14;0.852317
3;14;0.570807
4;14;1.183194
1;15;0.363524
2;15;0.612330
3;15;0.552008
4;15;1.216116
1;16;0.365998
2;16;0.614328
3;16;0.534763
4;16;1.300382
1;17;0.381207
2;17;0.641645
3;17;0.607362
4;17;1.466759
1;18;0.363483
2;18;0.627100
3;18;0.535210
4;18;1.566472
1;19;0.362742
2;19;0.641308
3;19;0.544218
4;19;1.605779
1;20;0.439904
2;20;0.669228
3;20;0.535548
4;20;1.780975
1;1;0.274236
2;1;0.059687
3;1;0.424107
4;1;0.020105
1;2;0.400664
2;2;0.204170
3;2;0.502495
4;2;0.066767
1;3;0.425241
2;3;0.374001
3;3;0.554389
4;3;0.157592
1;4;0.417116
2;4;0.468172
3;4;0.581768
4;4;0.241159
1;5;0.413251
2;5;0.526168
3;5;0.599854
4;5;0.338886
1;6;0.474835
2;6;0.838386
3;6;0.688577
4;6;0.417130
1;7;0.369028
2;7;0.638341
3;7;0.537287
4;7;0.493067
1;8;0.386820
2;8;0.758336
3;8;0.614276
4;8;0.584724
1;9;0.358873
2;9;0.648479
3;9;0.540679
4;9;0.674359
1;10;0.363110
2;10;0.635863
3;10;0.542053
4;10;0.766760
1;11;0.388668
2;11;0.677167
3;11;0.562157
4;11;0.857886
1;12;0.363027
2;12;0.637696
3;12;0.537429
4;12;0.847728
1;13;0.359024
2;13;0.648053
3;13;0.537896
4;13;1.028940
1;14;0.360875
2;14;0.631574
3;14;0.534027
4;14;1.140515
1;15;0.361476
2;15;0.624504
3;15;0.536184
4;15;1.216130
1;16;0.373099
2;16;0.642983
3;16;0.606650
4;16;1.419328
1;17;0.362357
2;17;0.614491
3;17;0.553002
4;17;1.386133
1;18;0.363108
2;18;0.643870
3;18;0.540260
4;18;1.475986
1;19;0.362924
2;19;0.645440
3;19;0.535721
4;19;1.563706
1;20;0.363044
2;20;0.625712
3;20;0.535386
4;20;1.646972
1;1;0.266708
2;1;0.049845
3;1;0.414890
4;1;0.020793
1;2;0.384453
2;2;0.188419
3;2;0.516108
4;2;0.066021
1;3;0.392777
2;3;0.353678
3;3;0.526414
4;3;0.140246
1;4;0.398017
2;4;0.588031
3;4;0.559171
4;4;0.228764
1;5;0.412936
2;5;0.541664
3;5;0.567268
4;5;0.328471
1;6;0.420550
2;6;0.631719
3;6;0.575480
4;6;0.427878
1;7;0.362949
2;7;0.656476
3;7;0.558020
4;7;0.616246
1;8;0.378599
2;8;0.640987
3;8;0.570396
4;8;0.605437
1;9;0.381076
2;9;0.720912
3;9;0.635240
4;9;0.741301
1;10;0.366675
2;10;0.628418
3;10;0.535357
4;10;0.761442
1;11;0.376612
2;11;0.652323
3;11;0.539978
4;11;0.851421
1;12;0.378430
2;12;0.642978
3;12;0.536455
4;12;0.851415
1;13;0.366013
2;13;0.649539
3;13;0.539743
4;13;1.031274
1;14;0.362615
2;14;0.643318
3;14;0.533531
4;14;1.117097
1;15;0.362846
2;15;0.614198
3;15;0.535420
4;15;1.211007
1;16;0.366714
2;16;0.619050
3;16;0.536776
4;16;1.295907
1;17;0.364597
2;17;0.608476
3;17;0.538829
4;17;1.387141
1;18;0.362702
2;18;0.630948
3;18;0.535264
4;18;1.473384
1;19;0.365505
2;19;0.643899
3;19;0.567047
4;19;1.785676
1;20;0.394751
2;20;0.700724
3;20;0.535246
4;20;1.651640
1;1;0.258509
2;1;0.049025
3;1;0.382582
4;1;0.019983
1;2;0.351165
2;2;0.173803
3;2;0.475637
4;2;0.064887
1;3;0.381172
2;3;0.342440
3;3;0.503265
4;3;0.139935
1;4;0.395573
2;4;0.431562
3;4;0.523903
4;4;0.226410
1;5;0.388987
2;5;0.495169
3;5;0.542501
4;5;0.316655
1;6;0.367973
2;6;0.571212
3;6;0.538392
4;6;0.405287
1;7;0.368700
2;7;0.614240
3;7;0.533967
4;7;0.493147
1;8;0.364365
2;8;0.620510
3;8;0.534875
4;8;0.582725
1;9;0.365555
2;9;0.659893
3;9;0.537241
4;9;0.671916
1;10;0.365842
2;10;0.620288
3;10;0.534653
4;10;0.761340
1;11;0.365475
2;11;0.629013
3;11;0.534365
4;11;0.848779
1;12;0.365089
2;12;0.640446
3;12;0.539445
4;12;0.848405
1;13;0.364584
2;13;0.633669
3;13;0.533775
4;13;1.026806
1;14;0.365194
2;14;0.632996
3;14;0.532962
4;14;1.111293
1;15;0.366113
2;15;0.654559
3;15;0.535678
4;15;1.207226
1;16;0.364203
2;16;0.717047
3;16;0.560229
4;16;1.341108
1;17;0.386513
2;17;0.653622
3;17;0.562144
4;17;1.409941
1;18;0.364266
2;18;0.652764
3;18;0.559170
4;18;1.514103
1;19;0.385342
2;19;0.628310
3;19;0.535119
4;19;1.576102
1;20;0.399935
2;20;0.730040
3;20;0.558209
4;20;1.747721
1;1;0.296624
2;1;0.048654
3;1;0.376549
4;1;0.021265
1;2;0.350107
2;2;0.190605
3;2;0.481922
4;2;0.064959
1;3;0.406838
2;3;0.331586
3;3;0.545142
4;3;0.139456
1;4;0.436366
2;4;0.419125
3;4;0.558396
4;4;0.244927
1;5;0.412627
2;5;0.518623
3;5;0.593398
4;5;0.325212
1;6;0.386834
2;6;0.624867
3;6;0.605928
4;6;0.436660
1;7;0.382300
2;7;0.654400
3;7;0.583295
4;7;0.504772
1;1;0.318336
2;1;0.052088
3;1;0.447436
4;1;0.020893
1;2;0.417975
2;2;0.213297
3;2;0.511437
4;2;0.067735
1;3;0.423401
2;3;0.371181
3;3;0.563272
4;3;0.154707
1;4;0.444507
2;4;0.477311
3;4;0.584343
4;4;0.243131
1;5;0.441974
2;5;0.550243
3;5;0.599487
4;5;0.356363
1;6;0.419540
2;6;0.657166
3;6;0.611186
4;6;0.432240
1;7;0.405722
2;7;0.693414
3;7;0.605348
4;7;0.539271
1;8;0.408169
2;8;0.693030
3;8;0.595740
4;8;0.626104
1;9;0.405263
2;9;0.704114
3;9;0.592415
4;9;0.756614
1;10;0.399588
2;10;0.683736
3;10;0.598427
4;10;0.817171
1;11;0.404256
2;11;0.678513
3;11;0.595011
4;11;0.913054
1;12;0.410022
2;12;0.702300
3;12;0.591435
4;12;0.915391
1;13;0.420129
2;13;0.701105
3;13;0.608337
4;13;1.102444
1;14;0.412366
2;14;0.699139
3;14;0.589933
4;14;1.197467
1;15;0.425791
2;15;0.740494
3;15;0.600057
4;15;1.304086
1;16;0.411641
2;16;0.667237
3;16;0.580006
4;16;1.376196
1;17;0.412576
2;17;0.669625
3;17;0.595583
4;17;1.473975
1;18;0.398593
2;18;0.685545
3;18;0.582292
4;18;1.582552
1;19;0.407604
2;19;0.689382
3;19;0.584354
4;19;1.687296
1;20;0.399362
2;20;0.691225
3;20;0.601750
4;20;1.778273
1;1;0.287367
2;1;0.051279
3;1;0.416776
4;1;0.020994
1;2;0.392532
2;2;0.190725
3;2;0.515027
4;2;0.068341
1;3;0.425110
2;3;0.373695
3;3;0.570321
4;3;0.148757
1;4;0.444215
2;4;0.474714
3;4;0.590872
4;4;0.244841
1;5;0.430371
2;5;0.546730
3;5;0.616148
4;5;0.339611
1;6;0.417932
2;6;0.645982
3;6;0.601607
4;6;0.436700
1;7;0.419635
2;7;0.672987
3;7;0.591280
4;7;0.527904
1;8;0.400171
2;8;0.694417
3;8;0.600277
4;8;0.634869
1;9;0.405014
2;9;0.701667
3;9;0.598876
4;9;0.722319
1;10;0.385344
2;10;0.675132
3;10;0.594814
4;10;0.819140
1;11;0.424754
2;11;0.778434
3;11;0.626545
4;11;0.925827
1;12;0.416687
2;12;0.712890
3;12;0.599544
4;12;0.921118
1;13;0.408601
2;13;0.705020
3;13;0.592528
4;13;1.102901
1;14;0.415506
2;14;0.700454
3;14;0.594905
4;14;1.196299
1;15;0.402561
2;15;0.673932
3;15;0.589076
4;15;1.288778
1;16;0.398320
2;16;0.627599
3;16;0.528269
4;16;1.286947
1;17;0.367159
2;17;0.633913
3;17;0.524753
4;17;1.373174
1;18;0.368577
2;18;0.617022
3;18;0.528009
4;18;1.451483
1;19;0.373325
2;19;0.676437
3;19;0.557675
4;19;1.612983
1;20;0.358696
2;20;0.713273
3;20;0.547709
4;20;1.631124
1;1;0.272712
2;1;0.047552
3;1;0.414622
4;1;0.021954
1;2;0.388097
2;2;0.195993
3;2;0.496442
4;2;0.068062
1;3;0.434367
2;3;0.437766
3;3;0.563804
4;3;0.157556
1;4;0.451034
2;4;0.481575
3;4;0.524301
4;4;0.302181
1;5;0.393540
2;5;0.493081
3;5;0.556836
4;5;0.323767
1;6;0.387781
2;6;0.564415
3;6;0.536412
4;6;0.410602
1;7;0.356584
2;7;0.610918
3;7;0.603293
4;7;0.502162
1;8;0.381838
2;8;0.647209
3;8;0.559015
4;8;0.635966
1;9;0.376707
2;9;0.617726
3;9;0.576644
4;9;0.690335
1;10;0.397697
2;10;0.692611
3;10;0.581084
4;10;0.819881
1;11;0.402168
2;11;0.706724
3;11;0.586456
4;11;0.939214
1;12;0.404673
2;12;0.719263
3;12;0.571022
4;12;0.875107
1;13;0.459245
2;13;0.659765
3;13;0.609095
4;13;1.079077
1;14;0.401142
2;14;0.743831
3;14;0.601333
4;14;1.228236
1;15;0.386809
2;15;0.633575
3;15;0.585029
4;15;1.302119
1;16;0.372063
2;16;0.638403
3;16;0.550966
4;16;1.349379
1;17;0.356874
2;17;0.629328
3;17;0.552070
4;17;1.393039
1;18;0.360629
2;18;0.618498
3;18;0.556204
4;18;1.477327
1;19;0.362613
2;19;0.634741
3;19;0.528289
4;19;1.538140
1;20;0.357603
2;20;0.619126
3;20;0.525250
4;20;1.624510
