1;1;0.009750;35.454976
2;1;0.010515;35.459072
3;1;0.009866;35.479552
4;1;0.009887;35.643392
5;1;0.011039;37.097472
6;1;0.014469;51.503104
7;1;0.056999;195.502080
8;1;0.482023;1635.500032
1;1;0.010342;35.491840
2;1;0.010315;35.500032
3;1;0.009831;35.504128
4;1;0.010571;35.663872
5;1;0.010763;37.101568
6;1;0.015489;51.515392
7;1;0.056479;195.514368
8;1;0.472928;1635.512320
1;1;0.010321;35.504128
2;1;0.010063;35.516416
3;1;0.010578;35.512320
4;1;0.010817;35.667968
5;1;0.011215;37.109760
6;1;0.014773;51.523584
7;1;0.056454;195.522560
8;1;0.472443;1635.512320
1;1;0.009931;35.512320
2;1;0.010255;35.516416
3;1;0.010243;35.520512
4;1;0.010263;35.667968
5;1;0.011238;37.109760
6;1;0.015050;51.523584
7;1;0.058607;195.522560
8;1;0.477723;1635.512320
1;1;0.010252;35.512320
2;1;0.010213;35.516416
3;1;0.010430;35.520512
4;1;0.010464;35.667968
5;1;0.010880;37.109760
6;1;0.014947;51.523584
7;1;0.057043;195.522560
8;1;0.470664;1635.512320
1;1;0.010608;35.512320
2;1;0.010220;35.516416
3;1;0.010376;35.520512
4;1;0.010196;35.667968
5;1;0.011015;37.109760
6;1;0.014887;51.523584
7;1;0.056897;195.522560
8;1;0.476411;1635.512320
1;1;0.010259;35.512320
2;1;0.010182;35.516416
3;1;0.010303;35.520512
4;1;0.010319;35.667968
5;1;0.011121;37.109760
6;1;0.014649;51.523584
7;1;0.058166;195.522560
8;1;0.471410;1635.512320
1;1;0.009761;35.512320
2;1;0.010243;35.516416
3;1;0.010471;35.520512
4;1;0.010419;35.667968
5;1;0.011023;37.109760
6;1;0.014667;51.523584
7;1;0.056476;195.522560
8;1;0.470613;1635.545088
1;1;0.010003;35.512320
2;1;0.009796;35.512320
3;1;0.010020;35.520512
4;1;0.010262;35.663872
5;1;0.011371;37.109760
6;1;0.015119;51.519488
7;1;0.057012;195.522560
8;1;0.469992;1635.508224
1;1;0.009991;35.512320
2;1;0.009997;35.512320
3;1;0.010264;35.520512
4;1;0.009961;35.672064
5;1;0.010507;37.113856
6;1;0.014511;51.527680
7;1;0.056287;195.526656
8;1;0.470523;1635.516416
1;2;0.060760;35.524608
2;2;0.010354;35.610624
3;2;0.010431;35.602432
4;2;0.010676;35.749888
5;2;0.010951;37.191680
6;2;0.016087;51.613696
7;2;0.057893;195.612672
8;2;0.471724;1635.602432
1;2;0.054043;35.532800
2;2;0.010146;35.606528
3;2;0.010793;35.606528
4;2;0.011266;35.753984
5;2;0.011233;37.195776
6;2;0.014999;51.609600
7;2;0.057346;195.604480
8;2;0.472820;1635.581952
1;2;0.052357;35.520512
2;2;0.010103;35.606528
3;2;0.010755;35.627008
4;2;0.011092;35.778560
5;2;0.011512;37.228544
6;2;0.015493;51.642368
7;2;0.058072;195.641344
8;2;0.472343;1635.631104
1;2;0.059686;35.504128
2;2;0.011230;35.577856
3;2;0.010558;35.581952
4;2;0.010881;35.733504
5;2;0.011391;37.175296
6;2;0.015520;51.589120
7;2;0.058798;195.584000
8;2;0.470027;1635.586048
1;2;0.068330;35.491840
2;2;0.010937;35.569664
3;2;0.010676;35.594240
4;2;0.010375;35.672064
5;2;0.011400;37.126144
6;2;0.015438;51.523584
7;2;0.057377;195.538944
8;2;0.472779;1635.540992
1;2;0.048417;35.577856
2;2;0.010615;35.581952
3;2;0.010514;35.590144
4;2;0.010652;35.733504
5;2;0.011329;37.171200
6;2;0.015598;51.601408
7;2;0.058039;195.592192
8;2;0.471421;1635.598336
1;2;0.055042;35.561472
2;2;0.010447;35.577856
3;2;0.010767;35.581952
4;2;0.010306;35.758080
5;2;0.011476;37.171200
6;2;0.015161;51.597312
7;2;0.058798;195.600384
8;2;0.477764;1635.590144
1;2;0.053212;35.581952
2;2;0.010345;35.594240
3;2;0.010360;35.610624
4;2;0.010913;35.749888
5;2;0.011541;37.203968
6;2;0.015279;51.613696
7;2;0.059695;195.620864
8;2;0.471742;1635.610624
1;2;0.051627;35.655680
2;2;0.010972;35.639296
3;2;0.010379;35.651584
4;2;0.010556;35.811328
5;2;0.011263;37.261312
6;2;0.015097;51.666944
7;2;0.057449;195.682304
8;2;0.480841;1635.672064
1;2;0.050841;35.667968
2;2;0.010268;35.667968
3;2;0.010383;35.667968
4;2;0.010371;35.827712
5;2;0.011390;37.265408
6;2;0.015244;51.675136
7;2;0.058032;195.674112
8;2;0.471279;1635.672064
1;3;0.089252;35.741696
2;3;0.050700;35.663872
3;3;0.011573;35.831808
4;3;0.011714;35.921920
5;3;0.012796;37.355520
6;3;0.016345;51.773440
7;3;0.058773;195.784704
8;3;0.485400;1635.704832
1;3;0.087436;35.778560
2;3;0.053899;35.926016
3;3;0.011311;35.852288
4;3;0.011697;36.073472
5;3;0.012499;37.384192
6;3;0.016235;51.798016
7;3;0.058445;195.862528
8;3;0.478197;1635.860480
1;3;0.091216;35.737600
2;3;0.053391;35.880960
3;3;0.011647;35.885056
4;3;0.012207;35.979264
5;3;0.012315;37.445632
6;3;0.016028;51.859456
7;3;0.059319;195.936256
8;3;0.473422;1635.856384
1;3;0.087601;35.844096
2;3;0.056794;35.987456
3;3;0.011942;36.061184
4;3;0.011654;36.012032
5;3;0.012492;37.527552
6;3;0.016558;51.949568
7;3;0.061708;195.944448
8;3;0.474375;1635.946496
1;3;0.082372;35.868672
2;3;0.053100;35.926016
3;3;0.011713;35.880960
4;3;0.011832;36.155392
5;3;0.012391;37.502976
6;3;0.017214;51.847168
7;3;0.061892;195.977216
8;3;0.476038;1635.848192
1;3;0.085935;35.893248
2;3;0.052416;35.909632
3;3;0.011951;35.897344
4;3;0.011802;36.073472
5;3;0.012202;37.498880
6;3;0.018851;51.597312
7;3;0.061997;195.657728
8;3;0.473211;1635.725312
1;3;0.087499;35.647488
2;3;0.053057;35.725312
3;3;0.011775;35.713024
4;3;0.011452;36.057088
5;3;0.012553;37.310464
6;3;0.016525;51.724288
7;3;0.059155;195.809280
8;3;0.471218;1635.815424
1;3;0.088398;35.745792
2;3;0.057828;35.893248
3;3;0.011603;35.753984
4;3;0.011772;36.044800
5;3;0.012328;37.429248
6;3;0.016170;51.826688
7;3;0.059699;195.915776
8;3;0.473340;1635.917824
1;3;0.083966;35.753984
2;3;0.052240;35.835904
3;3;0.012130;35.840000
4;3;0.011997;35.966976
5;3;0.012357;37.433344
6;3;0.016348;51.978240
7;3;0.060977;195.923968
8;3;0.480634;1635.983360
1;3;0.082055;35.913728
2;3;0.048928;35.983360
3;3;0.011771;35.864576
4;3;0.011811;36.016128
5;3;0.012205;37.515264
6;3;0.016594;51.867648
7;3;0.061465;195.915776
8;3;0.473415;1635.921920
1;4;0.115486;35.762176
2;4;0.051790;35.909632
3;4;0.053853;35.905536
4;4;0.014084;36.130816
5;4;0.015513;37.445632
6;4;0.021558;51.929088
7;4;0.063960;195.928064
8;4;0.478195;1635.917824
1;4;0.123896;35.844096
2;4;0.052173;35.987456
3;4;0.057097;35.856384
4;4;0.014572;36.085760
5;4;0.015200;37.605376
6;4;0.020805;52.011008
7;4;0.065898;195.874816
8;4;0.478300;1636.007936
1;4;0.133195;35.860480
2;4;0.053515;35.930112
3;4;0.054846;35.872768
4;4;0.014475;36.200448
5;4;0.014714;37.593088
6;4;0.020332;51.978240
7;4;0.063292;195.915776
8;4;0.477497;1635.991552
1;4;0.119949;35.991552
2;4;0.053802;35.995648
3;4;0.053259;36.073472
4;4;0.013998;36.155392
5;4;0.014915;37.675008
6;4;0.021115;52.002816
7;4;0.065569;196.075520
8;4;0.477165;1636.003840
1;4;0.115906;35.913728
2;4;0.052174;36.052992
3;4;0.056189;35.991552
4;4;0.015649;36.298752
5;4;0.015198;37.531648
6;4;0.020650;51.892224
7;4;0.063303;195.903488
8;4;0.484182;1635.893248
1;4;0.118043;35.909632
2;4;0.052425;36.028416
3;4;0.056100;35.971072
4;4;0.015966;36.130816
5;4;0.014980;37.568512
6;4;0.020813;51.998720
7;4;0.064040;195.973120
8;4;0.478533;1636.032512
1;4;0.116548;35.901440
2;4;0.052060;35.975168
3;4;0.056758;36.036608
4;4;0.014514;36.130816
5;4;0.016048;37.523456
6;4;0.020921;51.986432
7;4;0.064307;195.911680
8;4;0.477759;1635.975168
1;4;0.119110;35.962880
2;4;0.052030;35.966976
3;4;0.055020;35.987456
4;4;0.014406;36.212736
5;4;0.015439;37.519360
6;4;0.020735;51.982336
7;4;0.069186;196.063232
8;4;0.479181;1636.057088
1;4;0.117692;35.991552
2;4;0.061660;35.721216
3;4;0.061936;35.729408
4;4;0.016581;35.905536
5;4;0.015349;37.404672
6;4;0.023178;51.724288
7;4;0.063590;195.854336
8;4;0.476934;1635.782656
1;4;0.116956;35.856384
2;4;0.052772;35.778560
3;4;0.053469;35.917824
4;4;0.014120;36.077568
5;4;0.015227;37.519360
6;4;0.020578;51.937280
7;4;0.064004;195.932160
8;4;0.478257;1635.934208
1;5;0.155095;35.708928
2;5;0.087918;35.848192
3;5;0.055463;35.856384
4;5;0.055297;36.052992
5;5;0.024571;37.330944
6;5;0.026323;51.744768
7;5;0.069333;195.751936
8;5;0.484160;1635.819520
1;5;0.151930;35.811328
2;5;0.087814;35.876864
3;5;0.054564;35.950592
4;5;0.056944;35.971072
5;5;0.022734;37.412864
6;5;0.026493;51.884032
7;5;0.069597;195.956736
8;5;0.484912;1635.815424
1;5;0.154607;35.876864
2;5;0.090936;35.950592
3;5;0.056786;35.811328
4;5;0.055702;36.052992
5;5;0.022472;37.425152
6;5;0.026830;51.896320
7;5;0.070342;195.969024
8;5;0.482928;1635.893248
1;5;0.157861;35.753984
2;5;0.089063;35.823616
3;5;0.061803;35.889152
4;5;0.055660;36.052992
5;5;0.021766;37.425152
6;5;0.026926;51.896320
7;5;0.071844;195.829760
8;5;0.483234;1635.893248
1;5;0.154157;35.897344
2;5;0.092269;35.889152
3;5;0.054091;35.880960
4;5;0.054947;36.175872
5;5;0.021375;37.486592
6;5;0.026277;51.888128
7;5;0.070564;195.874816
8;5;0.484483;1635.864576
1;5;0.157011;35.880960
2;5;0.087894;35.823616
3;5;0.053754;35.893248
4;5;0.059428;36.061184
5;5;0.020948;37.502976
6;5;0.026171;51.908608
7;5;0.070218;195.907584
8;5;0.484290;1635.905536
1;5;0.150860;35.762176
2;5;0.087585;35.827712
3;5;0.056620;35.909632
4;5;0.055483;36.130816
5;5;0.021972;37.498880
6;5;0.027035;51.957760
7;5;0.069983;195.960832
8;5;0.483581;1635.889152
1;5;0.155028;35.901440
2;5;0.088919;35.815424
3;5;0.056836;35.815424
4;5;0.054814;35.971072
5;5;0.022601;37.416960
6;5;0.026499;51.970048
7;5;0.069526;195.887104
8;5;0.489118;1635.958784
1;5;0.155398;35.811328
2;5;0.090127;35.880960
3;5;0.054713;35.880960
4;5;0.057463;36.114432
5;5;0.021607;37.511168
6;5;0.026506;51.920896
7;5;0.071101;195.854336
8;5;0.484447;1635.856384
1;5;0.155197;35.946496
2;5;0.088712;35.946496
3;5;0.055626;35.893248
4;5;0.055801;36.052992
5;5;0.020945;37.490688
6;5;0.026593;51.900416
7;5;0.071399;195.895296
8;5;0.485327;1635.897344
1;6;0.190478;35.901440
2;6;0.096710;35.905536
3;6;0.054642;35.934208
4;6;0.055578;36.089856
5;6;0.066119;37.629952
6;6;0.040151;52.084736
7;6;0.087055;196.001792
8;6;0.496512;1635.729408
1;6;0.190747;35.774464
2;6;0.088604;35.790848
3;6;0.056686;35.790848
4;6;0.056821;35.954688
5;6;0.064566;37.392384
6;6;0.040182;51.798016
7;6;0.082648;195.883008
8;6;0.509910;1635.950592
1;6;0.188560;35.876864
2;6;0.087967;35.749888
3;6;0.055241;35.749888
4;6;0.059450;35.983360
5;6;0.063903;37.421056
6;6;0.039297;51.859456
7;6;0.083602;195.788800
8;6;0.495660;1635.852288
1;6;0.191859;35.844096
2;6;0.089345;35.913728
3;6;0.052668;35.774464
4;6;0.055045;36.003840
5;6;0.064823;37.445632
6;6;0.039621;51.920896
7;6;0.082437;195.780608
8;6;0.494289;1635.848192
1;6;0.192804;35.844096
2;6;0.087365;35.840000
3;6;0.055437;35.852288
4;6;0.057658;36.012032
5;6;0.063926;37.449728
6;6;0.039699;51.785728
7;6;0.087599;195.940352
8;6;0.494800;1635.782656
1;6;0.188704;35.848192
2;6;0.089982;35.840000
3;6;0.054572;35.840000
4;6;0.057653;35.930112
5;6;0.064760;37.445632
6;6;0.040286;51.793920
7;6;0.082934;195.784704
8;6;0.494990;1635.844096
1;6;0.191530;35.770368
2;6;0.089111;35.766272
3;6;0.054129;35.840000
4;6;0.056902;36.171776
5;6;0.064177;37.437440
6;6;0.040286;51.785728
7;6;0.084037;195.784704
8;6;0.505216;1635.774464
1;6;0.186089;35.909632
2;6;0.087211;35.909632
3;6;0.052469;35.770368
4;6;0.054698;35.930112
5;6;0.064719;37.371904
6;6;0.040110;51.847168
7;6;0.082225;195.846144
8;6;0.497646;1635.844096
1;6;0.191685;35.794944
2;6;0.092412;35.794944
3;6;0.055240;35.794944
4;6;0.055746;36.032512
5;6;0.068265;37.494784
6;6;0.040689;51.822592
7;6;0.085830;195.891200
8;6;0.495167;1635.827712
1;6;0.239145;35.962880
2;6;0.097578;35.954688
3;6;0.056303;35.885056
4;6;0.059828;36.114432
5;6;0.065656;37.498880
6;6;0.040567;51.834880
7;6;0.083038;195.969024
8;6;0.493128;1635.897344
1;7;0.223488;35.905536
2;7;0.122505;35.905536
3;7;0.090834;35.905536
4;7;0.058858;36.139008
5;7;0.065460;37.433344
6;7;0.090380;51.908608
7;7;0.110712;195.911680
8;7;0.520423;1635.971072
1;7;0.226893;35.831808
2;7;0.123687;35.913728
3;7;0.093848;35.987456
4;7;0.056980;36.085760
5;7;0.070929;37.523456
6;7;0.090446;51.875840
7;7;0.112139;195.858432
8;7;0.519057;1635.926016
1;7;0.231105;35.938304
2;7;0.124127;36.007936
3;7;0.091607;35.938304
4;7;0.058819;36.098048
5;7;0.065008;37.535744
6;7;0.089810;52.002816
7;7;0.105786;195.874816
8;7;0.520265;1636.007936
1;7;0.221667;36.003840
2;7;0.122895;35.995648
3;7;0.098539;35.708928
4;7;0.057173;35.868672
5;7;0.065449;37.384192
6;7;0.094672;51.716096
7;7;0.106438;195.784704
8;7;0.536978;1635.848192
1;7;0.219867;35.770368
2;7;0.127909;35.786752
3;7;0.088962;35.786752
4;7;0.058463;36.024320
5;7;0.065694;37.425152
6;7;0.089770;51.802112
7;7;0.108229;195.923968
8;7;0.536409;1635.868672
1;7;0.224721;35.799040
2;7;0.121823;35.946496
3;7;0.089719;35.872768
4;7;0.056316;36.110336
5;7;0.066493;37.482496
6;7;0.092620;51.888128
7;7;0.105788;195.817472
8;7;0.516421;1635.893248
1;7;0.220732;35.880960
2;7;0.137940;35.950592
3;7;0.092615;35.880960
4;7;0.058906;36.040704
5;7;0.065518;37.412864
6;7;0.090389;51.888128
7;7;0.107553;195.895296
8;7;0.520403;1635.827712
1;7;0.229263;35.880960
2;7;0.122912;35.954688
3;7;0.089519;35.880960
4;7;0.060072;36.110336
5;7;0.065569;37.482496
6;7;0.093099;51.957760
7;7;0.111116;195.887104
8;7;0.520659;1635.954688
1;7;0.218586;35.950592
2;7;0.127317;35.893248
3;7;0.091048;35.823616
4;7;0.056540;36.052992
5;7;0.068700;37.494784
6;7;0.088921;51.900416
7;7;0.107409;195.829760
8;7;0.525887;1635.827712
1;7;0.230252;35.913728
2;7;0.125393;35.827712
3;7;0.089742;35.905536
4;7;0.059937;35.995648
5;7;0.065056;37.437440
6;7;0.094429;51.912704
7;7;0.110022;195.858432
8;7;0.519314;1635.913728
1;8;0.260970;35.909632
2;8;0.123516;35.909632
3;8;0.099689;35.917824
4;8;0.057910;36.134912
5;8;0.066444;37.502976
6;8;0.097972;51.904512
7;8;0.183684;195.911680
8;8;0.540554;1635.917824
1;8;0.258480;36.003840
2;8;0.134516;35.934208
3;8;0.092338;35.942400
4;8;0.060370;36.102144
5;8;0.068277;37.462016
6;8;0.092758;51.859456
7;8;0.178247;195.932160
8;8;0.541173;1635.995648
1;8;0.264599;35.934208
2;8;0.123053;35.934208
3;8;0.093057;35.934208
4;8;0.059447;36.163584
5;8;0.068375;37.535744
6;8;0.093595;51.941376
7;8;0.174734;195.940352
8;8;0.543478;1635.938304
1;8;0.265296;35.946496
2;8;0.124361;35.946496
3;8;0.092739;36.016128
4;8;0.059179;36.036608
5;8;0.066531;37.617664
6;8;0.091939;51.953664
7;8;0.178502;195.952640
8;8;0.542918;1635.950592
1;8;0.266047;36.024320
2;8;0.123663;35.954688
3;8;0.090466;35.954688
4;8;0.058956;36.261888
5;8;0.065756;37.593088
6;8;0.097994;51.998720
7;8;0.178724;196.075520
8;8;0.543428;1636.007936
1;8;0.267759;36.065280
2;8;0.130883;35.942400
3;8;0.096445;35.995648
4;8;0.060341;36.089856
5;8;0.066878;37.597184
6;8;0.098094;52.076544
7;8;0.175961;196.005888
8;8;0.545372;1635.938304
1;8;0.266216;35.807232
2;8;0.128005;35.807232
3;8;0.088018;35.807232
4;8;0.058902;35.983360
5;8;0.066637;37.425152
6;8;0.094351;51.929088
7;8;0.180923;195.788800
8;8;0.540446;1635.856384
1;8;0.254454;35.876864
2;8;0.122132;35.815424
3;8;0.093108;35.831808
4;8;0.065842;35.979264
5;8;0.065966;37.490688
6;8;0.093079;51.822592
7;8;0.177972;195.883008
8;8;0.542262;1635.811328
1;8;0.470045;35.823616
2;8;0.266444;35.897344
3;8;0.168439;35.835904
4;8;0.081316;36.098048
5;8;0.079494;37.552128
6;8;0.105282;51.888128
7;8;0.180228;195.956736
8;8;0.553240;1635.868672
1;8;0.337592;35.930112
2;8;0.164241;35.868672
3;8;0.094671;36.012032
4;8;0.060799;36.093952
5;8;0.067819;37.539840
6;8;0.093478;51.941376
7;8;0.176601;195.944448
8;8;0.541842;1636.007936
1;9;0.342708;35.950592
2;9;0.158738;35.880960
3;9;0.102532;35.954688
4;9;0.095372;36.110336
5;9;0.070829;37.625856
6;9;0.098167;52.023296
7;9;0.181718;195.952640
8;9;0.689383;1635.954688
1;9;0.291937;36.089856
2;9;0.162672;36.089856
3;9;0.092095;36.089856
4;9;0.118201;36.245504
5;9;0.068544;37.687296
6;9;0.098815;51.949568
7;9;0.190337;196.091904
8;9;0.684311;1636.024320
1;9;0.315414;36.012032
2;9;0.162657;36.007936
3;9;0.092741;35.950592
4;9;0.096714;36.110336
5;9;0.068224;37.629952
6;9;0.099377;51.957760
7;9;0.192521;196.034560
8;9;0.715809;1636.098048
1;9;0.293686;35.966976
2;9;0.162968;36.036608
3;9;0.092526;35.975168
4;9;0.094038;36.204544
5;9;0.066800;37.576704
6;9;0.098037;51.998720
7;9;0.188081;195.997696
8;9;0.690693;1635.995648
1;9;0.294565;35.987456
2;9;0.159001;35.987456
3;9;0.093773;35.995648
4;9;0.099577;36.294656
5;9;0.068542;37.593088
6;9;0.099762;52.080640
7;9;0.184697;196.018176
8;9;0.693205;1636.163584
1;9;0.294446;36.093952
2;9;0.160320;36.089856
3;9;0.095879;36.102144
4;9;0.095221;36.265984
5;9;0.068029;37.699584
6;9;0.095409;52.109312
7;9;0.187431;196.112384
8;9;0.710720;1636.106240
1;9;0.299980;36.102144
2;9;0.160954;36.102144
3;9;0.091650;36.102144
4;9;0.099065;36.331520
5;9;0.069262;37.773312
6;9;0.098636;52.178944
7;9;0.191645;196.108288
8;9;0.685660;1636.036608
1;9;0.302872;36.102144
2;9;0.158792;36.102144
3;9;0.092437;36.040704
4;9;0.096120;36.261888
5;9;0.067730;37.642240
6;9;0.094266;52.109312
7;9;0.192976;196.046848
8;9;0.686654;1636.106240
1;9;0.291012;36.032512
2;9;0.165894;36.032512
3;9;0.092117;36.036608
4;9;0.101716;36.265984
5;9;0.072188;37.363712
6;9;0.096853;51.838976
7;9;0.191523;195.854336
8;9;0.692890;1635.782656
1;9;0.300180;35.819520
2;9;0.162065;35.766272
3;9;0.099815;35.905536
4;9;0.094967;35.995648
5;9;0.067725;37.367808
6;9;0.093363;51.773440
7;9;0.182062;195.919872
8;9;0.692153;1635.840000
1;10;0.337829;35.835904
2;10;0.167894;35.905536
3;10;0.128889;35.835904
4;10;0.098721;36.147200
5;10;0.072651;37.478400
6;10;0.096342;51.814400
7;10;0.195089;195.883008
8;10;0.698988;1635.880960
1;10;0.350295;35.803136
2;10;0.159357;35.864576
3;10;0.126302;35.860480
4;10;0.102207;36.024320
5;10;0.079707;37.543936
6;10;0.096479;51.949568
7;10;0.190533;195.866624
8;10;0.699929;1635.950592
1;10;0.361926;35.880960
2;10;0.160297;35.815424
3;10;0.127935;35.885056
4;10;0.101625;36.184064
5;10;0.072522;37.404672
6;10;0.093282;51.884032
7;10;0.189293;195.809280
8;10;0.697399;1635.876864
1;10;0.337562;35.794944
2;10;0.164338;35.942400
3;10;0.135802;35.872768
4;10;0.096415;36.020224
5;10;0.071325;37.462016
6;10;0.096152;51.863552
7;10;0.190919;195.940352
8;10;0.698474;1635.864576
1;10;0.354585;35.864576
2;10;0.160875;35.934208
3;10;0.130123;35.864576
4;10;0.096321;36.093952
5;10;0.072888;37.535744
6;10;0.097198;51.802112
7;10;0.186917;195.948544
8;10;0.709600;1635.868672
1;10;0.338637;35.819520
2;10;0.161979;35.958784
3;10;0.127606;35.876864
4;10;0.097739;36.036608
5;10;0.076032;37.478400
6;10;0.100628;51.884032
7;10;0.188660;195.883008
8;10;0.696818;1635.880960
1;10;0.332192;35.893248
2;10;0.160335;35.893248
3;10;0.125720;35.962880
4;10;0.096415;36.134912
5;10;0.075007;37.507072
6;10;0.095343;51.843072
7;10;0.194186;195.981312
8;10;0.704606;1635.909632
1;10;0.331104;35.835904
2;10;0.158918;35.905536
3;10;0.126737;35.905536
4;10;0.095837;36.134912
5;10;0.074813;37.433344
6;10;0.097910;51.838976
7;10;0.200256;195.903488
8;10;0.699929;1635.844096
1;10;0.337766;35.840000
2;10;0.158858;35.909632
3;10;0.130957;35.979264
4;10;0.096831;36.208640
5;10;0.071822;37.507072
6;10;0.095544;51.920896
7;10;0.188077;195.923968
8;10;0.695652;1635.852288
1;10;0.323174;35.934208
2;10;0.162871;36.020224
3;10;0.130882;35.917824
4;10;0.097667;36.081664
5;10;0.072142;37.527552
6;10;0.097295;51.855360
7;10;0.194070;195.952640
8;10;0.702595;1635.946496
1;11;0.366794;36.012032
2;11;0.191749;35.942400
3;11;0.123803;35.942400
4;11;0.099133;36.102144
5;11;0.108327;37.543936
6;11;0.099178;51.949568
7;11;0.192515;195.948544
8;11;0.704551;1636.016128
1;11;0.367926;35.753984
2;11;0.199877;35.835904
3;11;0.125788;35.909632
4;11;0.096001;35.938304
5;11;0.108758;37.449728
6;11;0.102702;51.855360
7;11;0.197345;195.923968
8;11;0.707064;1635.782656
1;11;0.375359;35.823616
2;11;0.195638;35.909632
3;11;0.126240;35.909632
4;11;0.096463;35.934208
5;11;0.111358;37.392384
6;11;0.099760;51.863552
7;11;0.189673;195.866624
8;11;0.709241;1635.794944
1;11;0.368025;35.885056
2;11;0.197561;35.815424
3;11;0.134304;35.815424
4;11;0.099306;36.044800
5;11;0.111802;37.486592
6;11;0.098329;51.822592
7;11;0.194839;195.821568
8;11;0.705777;1635.889152
1;11;0.363803;35.885056
2;11;0.201964;35.885056
3;11;0.129778;35.885056
4;11;0.099212;36.044800
5;11;0.109375;37.535744
6;11;0.100847;51.965952
7;11;0.197831;195.964928
8;11;0.706352;1635.962880
1;11;0.376324;35.897344
2;11;0.207783;35.893248
3;11;0.133004;35.958784
4;11;0.103693;36.122624
5;11;0.112234;37.494784
6;11;0.100052;51.900416
7;11;0.194197;195.899392
8;11;0.702010;1635.897344
1;11;0.380088;35.962880
2;11;0.194299;35.962880
3;11;0.129861;35.962880
4;11;0.096474;36.122624
5;11;0.109489;37.568512
6;11;0.099105;51.978240
7;11;0.189216;195.977216
8;11;0.705896;1635.975168
1;11;0.368822;35.971072
2;11;0.207815;35.971072
3;11;0.130782;35.971072
4;11;0.101409;36.061184
5;11;0.108977;37.572608
6;11;0.102845;51.978240
7;11;0.196865;195.977216
8;11;0.700091;1635.905536
1;11;0.360322;36.040704
2;11;0.191282;35.971072
3;11;0.128249;35.901440
4;11;0.096857;36.200448
5;11;0.111275;37.441536
6;11;0.100788;51.920896
7;11;0.199589;195.985408
8;11;0.708554;1635.909632
1;11;0.377307;35.840000
2;11;0.192995;35.926016
3;11;0.127605;36.003840
4;11;0.102033;36.085760
5;11;0.109425;37.457920
6;11;0.099587;52.027392
7;11;0.188901;195.997696
8;11;0.708021;1635.917824
1;12;0.405673;35.913728
2;12;0.197342;35.983360
3;12;0.127825;35.913728
4;12;0.095918;36.073472
5;12;0.110777;37.441536
6;12;0.110058;51.978240
7;12;0.196788;195.907584
8;12;0.716553;1635.905536
1;12;0.400034;35.848192
2;12;0.197227;35.840000
3;12;0.127018;35.852288
4;12;0.098013;36.069376
5;12;0.117297;37.523456
6;12;0.111934;51.916800
7;12;0.199551;195.923968
8;12;0.711100;1635.983360
1;12;0.412426;35.860480
2;12;0.193178;35.852288
3;12;0.125871;35.917824
4;12;0.101545;36.012032
5;12;0.110417;37.593088
6;12;0.109030;51.855360
7;12;0.195906;195.915776
8;12;0.708243;1635.848192
1;12;0.405451;35.979264
2;12;0.204879;35.905536
3;12;0.127351;35.913728
4;12;0.099791;36.143104
5;12;0.112391;37.515264
6;12;0.110844;51.916800
7;12;0.201706;195.747840
8;12;0.704747;1635.745792
1;12;0.411824;35.889152
2;12;0.200503;35.749888
3;12;0.131428;35.950592
4;12;0.097966;36.122624
5;12;0.117054;37.343232
6;12;0.108532;51.904512
7;12;0.196972;195.764224
8;12;0.712202;1635.962880
1;12;0.403120;35.840000
2;12;0.194884;35.835904
3;12;0.137937;35.840000
4;12;0.099032;35.995648
5;12;0.109312;37.441536
6;12;0.110044;51.838976
7;12;0.198215;195.846144
8;12;0.709262;1635.835904
1;12;0.409174;35.766272
2;12;0.195878;35.835904
3;12;0.129158;35.766272
4;12;0.113640;35.999744
5;12;0.112259;37.355520
6;12;0.109166;51.847168
7;12;0.194629;195.915776
8;12;0.714063;1635.913728
1;12;0.398069;35.921920
2;12;0.196129;35.921920
3;12;0.124577;35.921920
4;12;0.099540;36.081664
5;12;0.109905;37.523456
6;12;0.113044;51.929088
7;12;0.206650;195.928064
8;12;0.727940;1635.926016
1;12;0.406043;35.921920
2;12;0.196289;35.991552
3;12;0.129844;35.852288
4;12;0.097769;36.220928
5;12;0.110887;37.466112
6;12;0.110632;51.941376
7;12;0.197843;195.940352
8;12;0.729538;1635.868672
1;12;0.397128;35.930112
2;12;0.195674;35.868672
3;12;0.128378;35.864576
4;12;0.097682;36.098048
5;12;0.117347;37.593088
6;12;0.109863;51.998720
7;12;0.201151;195.858432
8;12;0.710895;1635.995648
1;13;0.440826;35.926016
2;13;0.230667;35.938304
3;13;0.163070;35.864576
4;13;0.134762;36.085760
5;13;0.113984;37.457920
6;13;0.163400;52.002816
7;13;0.212428;195.944448
8;13;0.740604;1635.872768
1;13;0.439564;35.946496
2;13;0.233656;36.007936
3;13;0.172085;36.024320
4;13;0.133327;36.114432
5;13;0.113570;37.556224
6;13;0.159906;51.961856
7;13;0.217316;195.960832
8;13;0.719709;1635.958784
1;13;0.452498;35.966976
2;13;0.229708;35.966976
3;13;0.169754;35.966976
4;13;0.136896;36.126720
5;13;0.112128;37.494784
6;13;0.158272;51.982336
7;13;0.212816;195.977216
8;13;0.745750;1635.971072
1;13;0.442633;35.897344
2;13;0.235886;35.966976
3;13;0.162877;35.966976
4;13;0.141098;36.196352
5;13;0.113285;37.638144
6;13;0.161192;51.904512
7;13;0.205630;195.973120
8;13;0.716241;1635.971072
1;13;0.437388;35.966976
2;13;0.232744;35.966976
3;13;0.162604;35.966976
4;13;0.136213;36.265984
5;13;0.115273;37.638144
6;13;0.157017;52.043776
7;13;0.206310;195.973120
8;13;0.740502;1635.971072
1;13;0.432152;36.036608
2;13;0.239295;35.897344
3;13;0.161735;36.036608
4;13;0.132536;36.134912
5;13;0.120065;37.634048
6;13;0.160450;51.961856
7;13;0.209276;195.960832
8;13;0.723587;1636.028416
1;13;0.433881;36.024320
2;13;0.252632;35.774464
3;13;0.168049;35.831808
4;13;0.133489;36.032512
5;13;0.117682;37.359616
6;13;0.161865;51.867648
7;13;0.205509;195.796992
8;13;0.726489;1635.864576
1;13;0.447224;35.794944
2;13;0.227646;35.860480
3;13;0.162096;35.864576
4;13;0.137336;36.024320
5;13;0.110985;37.466112
6;13;0.153756;51.802112
7;13;0.213183;195.940352
8;13;0.716954;1635.799040
1;13;0.441937;35.794944
2;13;0.231802;35.864576
3;13;0.161708;35.864576
4;13;0.136764;36.093952
5;13;0.116209;37.568512
6;13;0.157544;51.834880
7;13;0.214302;195.903488
8;13;0.714119;1635.901440
1;13;0.429330;35.840000
2;13;0.235088;35.897344
3;13;0.162338;35.966976
4;13;0.135521;36.061184
5;13;0.111445;37.421056
6;13;0.163661;51.904512
7;13;0.208725;195.960832
8;13;0.711877;1635.897344
1;14;0.463691;35.823616
2;14;0.232623;35.889152
3;14;0.163971;35.897344
4;14;0.135166;36.143104
5;14;0.115507;37.584896
6;14;0.161236;51.920896
7;14;0.225559;195.989504
8;14;0.735403;1635.917824
1;14;0.482821;35.860480
2;14;0.235013;35.930112
3;14;0.161846;35.860480
4;14;0.134907;36.020224
5;14;0.113185;37.601280
6;14;0.165133;51.937280
7;14;0.221558;195.866624
8;14;0.730441;1635.864576
1;14;0.467482;35.946496
2;14;0.231018;35.946496
3;14;0.161249;35.876864
4;14;0.135719;36.106240
5;14;0.120044;37.478400
6;14;0.163368;51.884032
7;14;0.221725;195.883008
8;14;0.726974;1635.950592
1;14;0.476607;35.946496
2;14;0.241401;35.946496
3;14;0.161531;35.876864
4;14;0.131256;36.106240
5;14;0.111491;37.548032
6;14;0.162717;51.953664
7;14;0.221071;195.883008
8;14;0.750539;1635.950592
1;14;0.478122;36.016128
2;14;0.238163;36.016128
3;14;0.162765;36.016128
4;14;0.132738;36.245504
5;14;0.113235;37.478400
6;14;0.165285;51.884032
7;14;0.223847;195.952640
8;14;0.734380;1635.880960
1;14;0.469108;35.946496
2;14;0.230048;35.876864
3;14;0.163796;35.946496
4;14;0.134227;36.106240
5;14;0.111079;37.478400
6;14;0.161234;51.953664
7;14;0.220656;195.952640
8;14;0.737898;1635.950592
1;14;0.556632;35.946496
2;14;0.229491;35.946496
3;14;0.162039;35.946496
4;14;0.131485;36.175872
5;14;0.112066;37.543936
6;14;0.164086;51.949568
7;14;0.223462;195.948544
8;14;0.736753;1635.876864
1;14;0.473591;36.012032
2;14;0.228491;35.901440
3;14;0.171708;36.040704
4;14;0.133982;36.159488
5;14;0.112750;37.670912
6;14;0.162341;52.076544
7;14;0.226142;196.075520
8;14;0.728721;1636.003840
1;14;0.478119;35.930112
2;14;0.227950;35.999744
3;14;0.160367;35.930112
4;14;0.138184;36.229120
5;14;0.112087;37.531648
6;14;0.160316;52.035584
7;14;0.225047;196.034560
8;14;0.733168;1636.032512
1;14;0.469299;35.819520
2;14;0.230389;35.819520
3;14;0.164027;35.889152
4;14;0.137213;35.979264
5;14;0.115373;37.351424
6;14;0.162262;51.757056
7;14;0.219960;195.825664
8;14;0.734149;1635.823616
1;15;0.513198;35.778560
2;15;0.273981;35.778560
3;15;0.161946;35.917824
4;15;0.136795;36.114432
5;15;0.119562;37.416960
6;15;0.167030;51.908608
7;15;0.287305;195.907584
8;15;0.749085;1635.835904
1;15;0.504234;35.971072
2;15;0.266904;35.831808
3;15;0.169344;35.831808
4;15;0.135897;35.991552
5;15;0.113501;37.433344
6;15;0.165877;51.838976
7;15;0.294857;195.837952
8;15;0.748465;1635.835904
1;15;0.509935;35.901440
2;15;0.272998;35.901440
3;15;0.162399;35.971072
4;15;0.132577;36.061184
5;15;0.114983;37.572608
6;15;0.169715;51.908608
7;15;0.288768;195.907584
8;15;0.749728;1635.905536
1;15;0.507280;36.040704
2;15;0.279125;35.971072
3;15;0.165337;35.901440
4;15;0.133567;35.991552
5;15;0.114926;37.502976
6;15;0.170044;51.838976
7;15;0.290587;195.907584
8;15;0.750533;1635.835904
1;15;0.515140;35.905536
2;15;0.269456;35.835904
3;15;0.167335;35.835904
4;15;0.138231;36.065280
5;15;0.113558;37.576704
6;15;0.166209;51.843072
7;15;0.289128;195.981312
8;15;0.740153;1635.840000
1;15;0.511904;35.975168
2;15;0.269329;35.905536
3;15;0.167407;35.905536
4;15;0.134237;36.065280
5;15;0.118346;37.507072
6;15;0.166443;51.912704
7;15;0.297455;195.911680
8;15;0.753069;1635.909632
1;15;0.510936;35.840000
2;15;0.277678;35.840000
3;15;0.165057;35.840000
4;15;0.138908;36.069376
5;15;0.124957;37.515264
6;15;0.166631;51.920896
7;15;0.285574;195.850240
8;15;0.743005;1635.848192
1;15;0.496443;35.844096
2;15;0.272260;35.913728
3;15;0.164405;35.913728
4;15;0.132478;36.073472
5;15;0.120286;37.515264
6;15;0.165441;51.920896
7;15;0.298309;195.919872
8;15;0.766332;1635.917824
1;15;0.508438;35.844096
2;15;0.269764;35.844096
3;15;0.163035;35.913728
4;15;0.133549;36.212736
5;15;0.118103;37.515264
6;15;0.168226;51.851264
7;15;0.285362;195.850240
8;15;0.748783;1635.917824
1;15;0.506142;35.983360
2;15;0.272871;35.844096
3;15;0.169581;35.913728
4;15;0.133956;36.012032
5;15;0.115002;37.523456
6;15;0.166171;52.006912
7;15;0.287011;196.005888
8;15;0.744793;1636.028416
1;16;0.541959;35.946496
2;16;0.270971;36.085760
3;16;0.202087;35.876864
4;16;0.134659;36.036608
5;16;0.157859;37.511168
6;16;0.169037;51.986432
7;16;0.297852;195.915776
8;16;0.763623;1635.983360
1;16;0.544569;35.930112
2;16;0.269208;35.926016
3;16;0.197098;35.926016
4;16;0.139009;35.926016
5;16;0.153733;37.437440
6;16;0.167914;51.843072
7;16;0.294472;195.842048
8;16;0.770954;1635.770368
1;16;0.544737;35.835904
2;16;0.273199;35.844096
3;16;0.201375;35.774464
4;16;0.146220;36.007936
5;16;0.160626;37.380096
6;16;0.167984;51.769344
7;16;0.294851;195.833856
8;16;0.765113;1635.848192
1;16;0.548656;35.954688
2;16;0.270009;35.942400
3;16;0.197299;35.860480
4;16;0.136469;36.089856
5;16;0.159041;37.478400
6;16;0.169312;51.867648
7;16;0.300270;195.866624
8;16;0.762733;1635.864576
1;16;0.556697;35.893248
2;16;0.266330;35.893248
3;16;0.215707;35.893248
4;16;0.137078;36.052992
5;16;0.159870;37.371904
6;16;0.164774;51.851264
7;16;0.298317;195.780608
8;16;0.762908;1635.778560
1;16;0.562905;35.860480
2;16;0.264911;35.860480
3;16;0.207873;35.860480
4;16;0.136818;36.020224
5;16;0.154293;37.462016
6;16;0.169578;51.953664
7;16;0.295843;195.883008
8;16;0.787469;1635.811328
1;16;0.533543;35.958784
2;16;0.263209;35.889152
3;16;0.202691;35.819520
4;16;0.135429;35.995648
5;16;0.152289;37.650432
6;16;0.173112;52.056064
7;16;0.297344;196.124672
8;16;0.763896;1636.052992
1;16;0.544704;36.204544
2;16;0.266266;36.204544
3;16;0.199138;36.065280
4;16;0.136744;36.364288
5;16;0.153645;37.801984
6;16;0.170032;52.207616
7;16;0.296297;196.141056
8;16;0.766383;1636.134912
1;16;0.547116;35.971072
2;16;0.284751;35.971072
3;16;0.199067;35.971072
4;16;0.136122;36.339712
5;16;0.159648;37.691392
6;16;0.167960;52.039680
7;16;0.296970;196.038656
8;16;0.762212;1636.036608
1;16;0.542243;36.175872
2;16;0.274469;36.106240
3;16;0.199337;36.179968
4;16;0.135938;36.335616
5;16;0.164088;37.777408
6;16;0.168773;52.183040
7;16;0.288928;196.182016
8;16;0.763976;1636.110336
1;17;0.567417;36.139008
2;17;0.298573;36.069376
3;17;0.199107;36.139008
4;17;0.174892;36.368384
5;17;0.155621;37.670912
6;17;0.172182;52.072448
7;17;0.300841;196.001792
8;17;0.895323;1636.069376
1;17;0.568063;36.089856
2;17;0.304871;36.163584
3;17;0.200709;36.093952
4;17;0.175109;36.253696
5;17;0.158633;37.695488
6;17;0.172849;52.117504
7;17;0.309266;196.116480
8;17;0.898733;1636.200448
1;17;0.580770;36.155392
2;17;0.298214;36.237312
3;17;0.207655;36.306944
4;17;0.172569;36.392960
5;17;0.158946;37.715968
6;17;0.174704;52.195328
7;17;0.301155;196.190208
8;17;0.904272;1636.257792
1;17;0.567586;36.102144
2;17;0.319230;36.102144
3;17;0.202309;36.102144
4;17;0.173280;36.331520
5;17;0.161518;37.781504
6;17;0.171718;52.174848
7;17;0.299187;196.108288
8;17;0.909782;1636.102144
1;17;0.598548;35.926016
2;17;0.312516;35.856384
3;17;0.202117;35.856384
4;17;0.172265;36.028416
5;17;0.152777;37.572608
6;17;0.173444;51.908608
7;17;0.301554;195.977216
8;17;0.902273;1635.835904
1;17;0.591892;35.962880
2;17;0.308143;36.052992
3;17;0.199477;36.122624
4;17;0.173661;36.143104
5;17;0.157630;37.584896
6;17;0.173646;51.990528
7;17;0.297181;195.989504
8;17;0.896713;1635.987456
1;17;0.594584;35.983360
2;17;0.303456;35.979264
3;17;0.200820;35.987456
4;17;0.179331;36.089856
5;17;0.154089;37.670912
6;17;0.177415;52.084736
7;17;0.305972;195.936256
8;17;0.902678;1636.073472
1;17;0.585444;36.143104
2;17;0.304237;36.139008
3;17;0.199406;36.061184
4;17;0.172870;36.225024
5;17;0.155747;37.675008
6;17;0.175771;52.011008
7;17;0.308492;196.009984
8;17;0.896932;1636.020224
1;17;0.578152;36.085760
2;17;0.308555;36.085760
3;17;0.196384;36.085760
4;17;0.168992;36.245504
5;17;0.156166;37.625856
6;17;0.171954;52.023296
7;17;0.306558;196.091904
8;17;0.897952;1636.028416
1;17;0.594618;36.085760
2;17;0.307818;36.016128
3;17;0.196065;36.155392
4;17;0.172394;36.184064
5;17;0.154543;37.765120
6;17;0.171229;52.031488
7;17;0.302600;196.104192
8;17;0.898443;1636.171776
1;18;0.621565;36.024320
2;18;0.307336;36.089856
3;18;0.199840;36.012032
4;18;0.173479;36.171776
5;18;0.158887;37.683200
6;18;0.178459;52.019200
7;18;0.309216;195.948544
8;18;0.920630;1636.016128
1;18;0.615027;36.020224
2;18;0.304143;36.032512
3;18;0.200816;36.102144
4;18;0.176311;36.278272
5;18;0.156897;37.654528
6;18;0.178457;52.056064
7;18;0.305314;196.055040
8;18;0.909803;1636.192256
1;18;0.622977;36.106240
2;18;0.306613;36.040704
3;18;0.202521;36.036608
4;18;0.175484;36.196352
5;18;0.154601;37.568512
6;18;0.180948;51.974144
7;18;0.307222;195.985408
8;18;0.911119;1636.052992
1;18;0.618188;36.057088
2;18;0.309972;36.126720
3;18;0.199888;36.057088
4;18;0.172000;36.356096
5;18;0.160226;37.728256
6;18;0.178998;52.133888
7;18;0.307252;196.132864
8;18;0.922606;1636.130816
1;18;0.631937;36.057088
2;18;0.309078;35.987456
3;18;0.201460;36.126720
4;18;0.173776;36.249600
5;18;0.159098;37.707776
6;18;0.180912;52.252672
7;18;0.309096;196.251648
8;18;0.914025;1636.179968
1;18;0.620171;36.175872
2;18;0.299541;36.106240
3;18;0.195661;36.106240
4;18;0.171400;36.196352
5;18;0.158107;37.707776
6;18;0.179555;52.183040
7;18;0.312070;196.112384
8;18;0.905654;1636.040704
1;18;0.615845;36.106240
2;18;0.310385;36.175872
3;18;0.199759;36.036608
4;18;0.171858;36.352000
5;18;0.161225;37.654528
6;18;0.181355;52.129792
7;18;0.310466;195.874816
8;18;0.912950;1635.864576
1;18;0.612931;35.999744
2;18;0.308138;36.003840
3;18;0.199284;35.930112
4;18;0.174052;36.093952
5;18;0.157599;37.601280
6;18;0.178913;51.937280
7;18;0.315384;195.940352
8;18;0.912627;1635.934208
1;18;0.619085;35.893248
2;18;0.306648;35.962880
3;18;0.201844;35.893248
4;18;0.171852;36.294656
5;18;0.155790;37.675008
6;18;0.180367;51.941376
7;18;0.311424;195.940352
8;18;0.906718;1636.007936
1;18;0.612470;36.278272
2;18;0.293995;36.282368
3;18;0.203293;36.286464
4;18;0.173061;36.442112
5;18;0.156506;37.888000
6;18;0.186689;52.293632
7;18;0.316253;196.288512
8;18;0.934416;1636.282368
1;19;0.645806;36.032512
2;19;0.340120;36.036608
3;19;0.236260;36.102144
4;19;0.179349;36.331520
5;19;0.155448;37.650432
6;19;0.228835;52.125696
7;19;0.318524;196.055040
8;19;0.915326;1636.122624
1;19;0.662366;36.048896
2;19;0.340959;35.979264
3;19;0.243972;36.048896
4;19;0.173824;36.208640
5;19;0.161726;37.580800
6;19;0.229560;51.986432
7;19;0.329418;195.985408
8;19;0.937669;1635.999744
1;19;0.647968;35.995648
2;19;0.339416;36.065280
3;19;0.236612;36.065280
4;19;0.170724;36.225024
5;19;0.158625;37.736448
6;19;0.224966;52.072448
7;19;0.313962;196.071424
8;19;0.923333;1636.069376
1;19;0.652187;36.016128
2;19;0.350769;35.885056
3;19;0.235236;35.885056
4;19;0.171902;36.184064
5;19;0.163511;37.490688
6;19;0.230002;52.035584
7;19;0.319064;196.034560
8;19;0.925593;1635.962880
1;19;0.657972;35.954688
2;19;0.336365;35.954688
3;19;0.239663;36.024320
4;19;0.170986;36.392960
5;19;0.156196;37.625856
6;19;0.235763;52.031488
7;19;0.322123;196.030464
8;19;0.935057;1636.028416
1;19;0.694751;36.093952
2;19;0.390326;35.950592
3;19;0.236452;36.020224
4;19;0.179715;36.249600
5;19;0.157533;37.629952
6;19;0.234039;52.031488
7;19;0.327194;196.030464
8;19;0.908996;1636.024320
1;19;0.659716;36.098048
2;19;0.345018;36.098048
3;19;0.236673;36.028416
4;19;0.175995;36.331520
5;19;0.155924;37.634048
6;19;0.231358;52.035584
7;19;0.322854;195.969024
8;19;0.909033;1635.962880
1;19;0.662259;36.032512
2;19;0.345526;35.979264
3;19;0.234552;36.048896
4;19;0.177805;36.208640
5;19;0.157659;37.580800
6;19;0.231668;51.986432
7;19;0.317495;196.055040
8;19;0.924814;1636.052992
1;19;0.656824;36.065280
2;19;0.350758;36.065280
3;19;0.234269;36.065280
4;19;0.174573;36.364288
5;19;0.159795;37.593088
6;19;0.240530;51.998720
7;19;0.347961;195.997696
8;19;0.926567;1635.995648
1;19;0.777578;36.200448
2;19;0.356231;36.130816
3;19;0.235137;36.270080
4;19;0.187023;36.040704
5;19;0.162338;37.478400
6;19;0.233608;51.957760
7;19;0.316651;195.956736
8;19;0.920932;1636.024320
1;20;0.693226;35.901440
2;20;0.359074;35.876864
3;20;0.235515;35.872768
4;20;0.179724;36.175872
5;20;0.157088;37.543936
6;20;0.232628;51.965952
7;20;0.314433;196.034560
8;20;0.923595;1636.102144
1;20;0.703016;35.987456
2;20;0.343941;35.917824
3;20;0.235036;36.057088
4;20;0.173682;36.163584
5;20;0.158425;37.535744
6;20;0.231973;52.023296
7;20;0.324442;196.022272
8;20;0.921942;1636.089856
1;20;0.893209;36.085760
2;20;0.843500;36.085760
3;20;0.315625;36.016128
4;20;0.251736;36.204544
5;20;0.183808;37.715968
6;20;0.296217;52.121600
7;20;0.365347;196.190208
8;20;0.943623;1636.118528
1;20;1.476077;35.950592
2;20;0.611143;35.950592
3;20;0.395117;35.880960
4;20;0.266888;36.110336
5;20;0.242142;37.482496
6;20;0.330090;52.027392
7;20;0.340477;196.046848
8;20;0.931232;1636.040704
1;20;0.767289;36.007936
2;20;0.390772;36.007936
3;20;0.251080;36.077568
4;20;0.187331;36.306944
5;20;0.168862;37.662720
6;20;0.266426;52.137984
7;20;0.358399;196.206592
8;20;0.923945;1636.220928
1;20;0.814692;36.003840
2;20;0.421217;36.073472
3;20;0.310197;36.073472
4;20;0.209101;36.163584
5;20;0.211145;37.675008
6;20;0.243958;52.080640
7;20;0.339157;196.149248
8;20;0.984065;1636.077568
1;20;0.733438;36.081664
2;20;0.351729;36.151296
3;20;0.242827;36.151296
4;20;0.175233;36.241408
5;20;0.171632;37.752832
6;20;0.227747;52.228096
7;20;0.326624;196.165632
8;20;0.921379;1636.163584
1;20;0.909935;36.130816
2;20;0.635416;36.057088
3;20;0.416197;36.126720
4;20;0.339492;36.286464
5;20;0.242693;37.801984
6;20;0.358893;52.207616
7;20;0.381918;196.132864
8;20;0.999042;1636.130816
1;20;0.791400;36.196352
2;20;0.371854;36.196352
3;20;0.238367;36.126720
4;20;0.184312;36.425728
5;20;0.176528;37.867520
6;20;0.240002;52.273152
7;20;0.319559;196.169728
8;20;0.917059;1636.171776
1;20;0.829250;36.237312
2;20;0.348714;36.233216
3;20;0.246063;36.249600
4;20;0.189056;36.339712
5;20;0.157962;37.781504
6;20;0.246854;52.326400
7;20;0.322538;196.272128
8;20;0.922216;1636.204544
1;1;0.009843;36.085760
2;1;0.010014;36.089856
3;1;0.010132;36.110336
4;1;0.010796;36.274176
5;1;0.011032;37.728256
6;1;0.014658;52.133888
7;1;0.057424;196.132864
8;1;0.483638;1636.130816
1;1;0.010487;36.122624
2;1;0.010356;36.130816
3;1;0.010263;36.134912
4;1;0.010523;36.294656
5;1;0.011107;37.732352
6;1;0.015218;52.146176
7;1;0.057639;196.145152
8;1;0.484593;1636.143104
1;1;0.010666;36.139008
2;1;0.010404;36.143104
3;1;0.010476;36.147200
4;1;0.010522;36.306944
5;1;0.011098;37.732352
6;1;0.015022;52.137984
7;1;0.060045;196.136960
8;1;0.468782;1636.147200
1;1;0.010254;36.139008
2;1;0.009728;36.151296
3;1;0.010315;36.143104
4;1;0.010335;36.315136
5;1;0.010949;37.748736
6;1;0.014899;52.154368
7;1;0.056825;196.153344
8;1;0.469409;1636.147200
1;1;0.010265;36.147200
2;1;0.010029;36.179968
3;1;0.010262;36.163584
4;1;0.010070;36.331520
5;1;0.011085;37.744640
6;1;0.014764;52.158464
7;1;0.056699;196.173824
8;1;0.468836;1636.175872
1;1;0.009738;36.179968
2;1;0.010214;36.179968
3;1;0.010160;36.188160
4;1;0.010194;36.339712
5;1;0.011391;37.777408
6;1;0.014840;52.187136
7;1;0.062143;196.190208
8;1;0.470434;1636.184064
1;1;0.010229;36.171776
2;1;0.010318;36.184064
3;1;0.010402;36.184064
4;1;0.010448;36.339712
5;1;0.011192;37.765120
6;1;0.015119;52.183040
7;1;0.057561;196.177920
8;1;0.471713;1636.184064
1;1;0.010201;36.159488
2;1;0.010323;36.163584
3;1;0.010234;36.175872
4;1;0.010189;36.327424
5;1;0.011550;37.765120
6;1;0.015058;52.183040
7;1;0.058370;196.186112
8;1;0.462345;1636.196352
1;1;0.010539;36.192256
2;1;0.009870;36.184064
3;1;0.009852;36.196352
4;1;0.010368;36.331520
5;1;0.010744;37.830656
6;1;0.015062;52.260864
7;1;0.058787;196.259840
8;1;0.467805;1636.270080
1;1;0.009906;36.233216
2;1;0.010273;36.192256
3;1;0.009962;36.212736
4;1;0.009665;36.364288
5;1;0.010462;37.789696
6;1;0.014533;52.195328
7;1;0.058344;196.206592
8;1;0.467580;1636.200448
1;2;0.050454;36.343808
2;2;0.010891;36.352000
3;2;0.010952;36.352000
4;2;0.010434;36.503552
5;2;0.011260;37.933056
6;2;0.015643;52.346880
7;2;0.058281;196.345856
8;2;0.468739;1636.347904
1;2;0.053983;36.298752
2;2;0.010836;36.306944
3;2;0.010339;36.286464
4;2;0.010303;36.446208
5;2;0.011091;37.879808
6;2;0.015806;52.166656
7;2;0.057906;196.186112
8;2;0.468255;1636.163584
1;2;0.056322;36.155392
2;2;0.010172;36.233216
3;2;0.010697;36.225024
4;2;0.010505;36.397056
5;2;0.011331;37.761024
6;2;0.015696;52.170752
7;2;0.057951;196.182016
8;2;0.473018;1636.175872
1;2;0.050612;36.175872
2;2;0.010511;36.167680
3;2;0.010376;36.175872
4;2;0.010596;36.327424
5;2;0.011430;37.773312
6;2;0.015481;52.166656
7;2;0.059186;196.186112
8;2;0.471457;1636.163584
1;2;0.053401;36.233216
2;2;0.010661;36.249600
3;2;0.010501;36.237312
4;2;0.010677;36.388864
5;2;0.011343;37.830656
6;2;0.015246;52.252672
7;2;0.063400;196.251648
8;2;0.472747;1636.241408
1;2;0.048033;36.245504
2;2;0.010488;36.245504
3;2;0.010559;36.237312
4;2;0.010660;36.392960
5;2;0.011256;37.847040
6;2;0.015941;52.240384
7;2;0.060935;196.259840
8;2;0.471997;1636.241408
1;2;0.053703;36.265984
2;2;0.010950;36.290560
3;2;0.010584;36.274176
4;2;0.010512;36.446208
5;2;0.011542;37.875712
6;2;0.015483;52.293632
7;2;0.058077;196.280320
8;2;0.496022;1636.278272
1;2;0.050688;36.270080
2;2;0.010689;36.265984
3;2;0.010407;36.278272
4;2;0.010524;36.429824
5;2;0.011199;37.879808
6;2;0.015421;52.277248
7;2;0.058324;196.284416
8;2;0.463551;1636.171776
1;2;0.062439;36.175872
2;2;0.010200;36.208640
3;2;0.010551;36.188160
4;2;0.010404;36.364288
5;2;0.011942;37.801984
6;2;0.015159;52.219904
7;2;0.058816;196.206592
8;2;0.470305;1636.212736
1;2;0.057526;36.212736
2;2;0.010343;36.192256
3;2;0.010365;36.208640
4;2;0.010602;36.352000
5;2;0.011217;37.830656
6;2;0.015314;52.199424
7;2;0.057522;196.235264
8;2;0.463920;1636.192256
1;3;0.086016;36.212736
2;3;0.052877;36.290560
3;3;0.012491;36.237312
4;3;0.012128;36.450304
5;3;0.012956;37.896192
6;3;0.017071;52.326400
7;3;0.061165;196.321280
8;3;0.468476;1636.311040
1;3;0.083746;36.270080
2;3;0.054343;36.405248
3;3;0.011754;36.347904
4;3;0.011855;36.478976
5;3;0.012753;37.986304
6;3;0.016840;52.264960
7;3;0.059518;196.263936
8;3;0.463940;1636.331520
1;3;0.081482;36.339712
2;3;0.055399;36.339712
3;3;0.011511;36.339712
4;3;0.011678;36.495360
5;3;0.012524;37.875712
6;3;0.016622;52.416512
7;3;0.063896;196.263936
8;3;0.462969;1636.327424
1;3;0.085905;36.274176
2;3;0.057003;36.253696
3;3;0.011842;36.327424
4;3;0.011861;36.487168
5;3;0.012850;37.863424
6;3;0.016826;52.416512
7;3;0.063486;196.345856
8;3;0.478690;1636.401152
1;3;0.086914;36.343808
2;3;0.053159;36.352000
3;3;0.012796;36.356096
4;3;0.011506;36.573184
5;3;0.012653;37.937152
6;3;0.017093;52.285440
7;3;0.059592;196.354048
8;3;0.473448;1636.429824
1;3;0.084959;36.261888
2;3;0.052876;36.270080
3;3;0.012101;36.392960
4;3;0.011967;36.483072
5;3;0.013189;37.941248
6;3;0.016986;52.269056
7;3;0.059690;196.333568
8;3;0.471688;1636.339712
1;3;0.084183;36.384768
2;3;0.054317;36.392960
3;3;0.011867;36.392960
4;3;0.011728;36.556800
5;3;0.012605;38.072320
6;3;0.016902;52.408320
7;3;0.059739;196.399104
8;3;0.457995;1636.405248
1;3;0.086891;36.331520
2;3;0.053203;36.356096
3;3;0.011652;36.401152
4;3;0.011822;36.425728
5;3;0.012738;37.863424
6;3;0.016782;52.334592
7;3;0.064197;196.415488
8;3;0.458830;1636.282368
1;3;0.095642;36.298752
2;3;0.057344;36.302848
3;3;0.011491;36.360192
4;3;0.011685;36.470784
5;3;0.012395;37.892096
6;3;0.016364;52.445184
7;3;0.059683;196.452352
8;3;0.490612;1636.306944
1;3;0.085538;36.392960
2;3;0.058564;36.315136
3;3;0.011554;36.397056
4;3;0.011766;36.487168
5;3;0.012125;38.014976
6;3;0.016324;52.408320
7;3;0.065677;196.476928
8;3;0.477328;1636.474880
1;4;0.118954;36.413440
2;4;0.052989;36.335616
3;4;0.068129;36.249600
4;4;0.016410;36.409344
5;4;0.015269;37.842944
6;4;0.022982;52.252672
7;4;0.067251;196.321280
8;4;0.469767;1636.331520
1;4;0.124920;36.306944
2;4;0.052913;36.306944
3;4;0.058505;36.376576
4;4;0.014629;36.397056
5;4;0.015265;37.978112
6;4;0.022229;52.314112
7;4;0.063966;196.243456
8;4;0.484745;1636.241408
1;4;0.119862;36.327424
2;4;0.052396;36.249600
3;4;0.057658;36.249600
4;4;0.015984;36.499456
5;4;0.015104;37.986304
6;4;0.020830;52.396032
7;4;0.064726;196.255744
8;4;0.469593;1636.384768
1;4;0.118445;36.237312
2;4;0.051550;36.315136
3;4;0.058039;36.294656
4;4;0.014464;36.458496
5;4;0.015030;37.896192
6;4;0.020930;52.297728
7;4;0.064051;196.292608
8;4;0.474863;1636.286464
1;4;0.121288;36.225024
2;4;0.052545;36.311040
3;4;0.055139;36.388864
4;4;0.014573;36.401152
5;4;0.015015;37.982208
6;4;0.021093;52.305920
7;4;0.065205;196.382720
8;4;0.473846;1636.298752
1;4;0.117072;36.319232
2;4;0.055566;36.327424
3;4;0.056455;36.319232
4;4;0.015236;36.491264
5;4;0.015444;37.933056
6;4;0.021042;52.408320
7;4;0.068941;196.272128
8;4;0.472840;1636.409344
1;4;0.122364;36.265984
2;4;0.050277;36.270080
3;4;0.056372;36.409344
4;4;0.014541;36.511744
5;4;0.015024;37.937152
6;4;0.021234;52.355072
7;4;0.065279;196.411392
8;4;0.479634;1636.356096
1;4;0.115159;36.397056
2;4;0.053038;36.265984
3;4;0.059079;36.331520
4;4;0.014174;36.421632
5;4;0.015956;37.941248
6;4;0.021020;52.404224
7;4;0.066960;196.272128
8;4;0.475344;1636.339712
1;4;0.125502;36.270080
2;4;0.060380;36.270080
3;4;0.067731;36.270080
4;4;0.015410;36.433920
5;4;0.016841;37.888000
6;4;0.021998;52.363264
7;4;0.068661;196.292608
8;4;0.485351;1636.429824
1;4;0.143907;36.352000
2;4;0.066605;36.274176
3;4;0.062957;36.425728
4;4;0.016348;36.528128
5;4;0.017167;38.010880
6;4;0.022223;52.277248
7;4;0.066714;196.403200
8;4;0.478963;1636.274176
1;5;0.188664;36.343808
2;5;0.105098;36.323328
3;5;0.063310;36.323328
4;5;0.065183;36.487168
5;5;0.023778;37.855232
6;5;0.028864;52.330496
7;5;0.075358;196.313088
8;5;0.477929;1636.319232
1;5;0.152926;36.302848
2;5;0.088858;36.241408
3;5;0.055530;36.372480
4;5;0.058568;36.450304
5;5;0.022184;37.969920
6;5;0.028512;52.367360
7;5;0.074149;196.304896
8;5;0.486884;1636.450304
1;5;0.154097;36.372480
2;5;0.088219;36.306944
3;5;0.055557;36.380672
4;5;0.059035;36.462592
5;5;0.022640;38.039552
6;5;0.027169;52.371456
7;5;0.076439;196.313088
8;5;0.490999;1636.446208
1;5;0.157712;36.282368
2;5;0.096443;36.220928
3;5;0.064516;36.208640
4;5;0.057597;36.433920
5;5;0.022006;37.879808
6;5;0.030303;52.219904
7;5;0.071993;196.362240
8;5;0.478378;1636.360192
1;5;0.154404;36.220928
2;5;0.095241;36.298752
3;5;0.055944;36.212736
4;5;0.055183;36.384768
5;5;0.022179;37.818368
6;5;0.027204;52.228096
7;5;0.072007;196.296704
8;5;0.499043;1636.216832
1;5;0.159577;36.229120
2;5;0.091319;36.368384
3;5;0.055046;36.315136
4;5;0.055988;36.544512
5;5;0.021007;37.961728
6;5;0.027578;52.305920
7;5;0.070916;196.304896
8;5;0.485140;1636.216832
1;5;0.152145;36.319232
2;5;0.087007;36.331520
3;5;0.055640;36.335616
4;5;0.055789;36.397056
5;5;0.023894;37.900288
6;5;0.027099;52.318208
7;5;0.072936;196.243456
8;5;0.482179;1636.245504
1;5;0.151516;36.265984
2;5;0.093892;36.306944
3;5;0.059142;36.298752
4;5;0.057293;36.405248
5;5;0.021836;37.969920
6;5;0.027041;52.228096
7;5;0.070702;196.227072
8;5;0.490032;1636.302848
1;5;0.160254;36.327424
2;5;0.088548;36.257792
3;5;0.058222;36.327424
4;5;0.055070;36.548608
5;5;0.021759;37.924864
6;5;0.028501;52.420608
7;5;0.074304;196.362240
8;5;0.474334;1636.421632
1;5;0.149157;36.401152
2;5;0.104593;36.335616
3;5;0.054869;36.352000
4;5;0.055346;36.503552
5;5;0.022198;37.871616
6;5;0.027250;52.273152
7;5;0.074526;196.415488
8;5;0.472570;1636.413440
1;6;0.200069;36.409344
2;6;0.088450;36.270080
3;6;0.055955;36.274176
4;6;0.056604;36.429824
5;6;0.064465;37.937152
6;6;0.041650;52.355072
7;6;0.085871;196.292608
8;6;0.504216;1636.360192
1;6;0.226717;36.278272
2;6;0.087062;36.352000
3;6;0.052829;36.339712
4;6;0.057874;36.495360
5;6;0.071423;37.953536
6;6;0.041921;52.359168
7;6;0.086066;196.288512
8;6;0.489590;1636.282368
1;6;0.186867;36.343808
2;6;0.091539;36.413440
3;6;0.054035;36.343808
4;6;0.056240;36.442112
5;6;0.064125;37.937152
6;6;0.041450;52.338688
7;6;0.085710;196.341760
8;6;0.494557;1636.335616
1;6;0.198277;36.278272
2;6;0.087830;36.339712
3;6;0.057130;36.278272
4;6;0.058990;36.507648
5;6;0.064725;37.945344
6;6;0.042857;52.346880
7;6;0.085469;196.411392
8;6;0.490399;1636.282368
1;6;0.187397;36.339712
2;6;0.086988;36.356096
3;6;0.055187;36.339712
4;6;0.056125;36.499456
5;6;0.064230;37.957632
6;6;0.041209;52.346880
7;6;0.085014;196.345856
8;6;0.495940;1636.360192
1;6;0.188904;36.270080
2;6;0.091138;36.335616
3;6;0.059478;36.265984
4;6;0.058527;36.499456
5;6;0.068076;37.834752
6;6;0.041636;52.244480
7;6;0.084795;196.313088
8;6;0.495791;1636.233216
1;6;0.199145;36.241408
2;6;0.088780;36.323328
3;6;0.055341;36.388864
4;6;0.060282;36.478976
5;6;0.066454;37.838848
6;6;0.043229;52.322304
7;6;0.084456;196.268032
8;6;0.503877;1636.261888
1;6;0.188094;36.323328
2;6;0.089899;36.323328
3;6;0.057884;36.327424
4;6;0.057804;36.413440
5;6;0.063729;37.928960
6;6;0.041786;52.330496
7;6;0.086238;196.411392
8;6;0.490661;1636.343808
1;6;0.188053;36.335616
2;6;0.089437;36.265984
3;6;0.058434;36.335616
4;6;0.057508;36.495360
5;6;0.063912;37.867520
6;6;0.041080;52.273152
7;6;0.085331;196.272128
8;6;0.494312;1636.270080
1;6;0.199020;36.335616
2;6;0.089569;36.343808
3;6;0.056507;36.335616
4;6;0.057387;36.503552
5;6;0.063643;37.924864
6;6;0.041969;52.338688
7;6;0.084808;196.272128
8;6;0.504997;1636.253696
1;7;0.222700;36.327424
2;7;0.124401;36.261888
3;7;0.094777;36.253696
4;7;0.057834;36.409344
5;7;0.066730;37.916672
6;7;0.092101;52.391936
7;7;0.113639;196.263936
8;7;0.521699;1636.253696
1;7;0.228547;36.245504
2;7;0.121802;36.315136
3;7;0.092071;36.253696
4;7;0.069827;36.405248
5;7;0.090927;37.842944
6;7;0.108800;52.326400
7;7;0.111331;196.263936
8;7;0.522331;1636.327424
1;7;0.226599;36.331520
2;7;0.128482;36.343808
3;7;0.091670;36.290560
4;7;0.064238;36.499456
5;7;0.065821;37.875712
6;7;0.091447;52.289536
7;7;0.116613;196.292608
8;7;0.521851;1636.286464
1;7;0.223787;36.429824
2;7;0.127481;36.462592
3;7;0.092153;36.323328
4;7;0.060970;36.499456
5;7;0.066232;37.986304
6;7;0.092112;52.445184
7;7;0.108601;196.362240
8;7;0.530698;1636.417536
1;7;0.236374;36.352000
2;7;0.122764;36.286464
3;7;0.091830;36.294656
4;7;0.057844;36.433920
5;7;0.066124;37.965824
6;7;0.093135;52.363264
7;7;0.108299;196.362240
8;7;0.509002;1636.286464
1;7;0.224767;36.425728
2;7;0.122736;36.380672
3;7;0.096921;36.380672
4;7;0.058487;36.548608
5;7;0.065936;37.982208
6;7;0.091884;52.305920
7;7;0.110985;196.304896
8;7;0.520291;1636.372480
1;7;0.232085;36.282368
2;7;0.131542;36.302848
3;7;0.095369;36.352000
4;7;0.057794;36.466688
5;7;0.068775;37.941248
6;7;0.092142;52.301824
7;7;0.111549;196.284416
8;7;0.520193;1636.282368
1;7;0.224469;36.425728
2;7;0.123363;36.433920
3;7;0.091937;36.352000
4;7;0.058632;36.519936
5;7;0.066169;38.043648
6;7;0.090358;52.355072
7;7;0.110048;196.370432
8;7;0.513990;1636.298752
1;7;0.228776;36.327424
2;7;0.123686;36.339712
3;7;0.090715;36.339712
4;7;0.070895;36.413440
5;7;0.069526;37.859328
6;7;0.092206;52.264960
7;7;0.109463;196.325376
8;7;0.519346;1636.323328
1;7;0.223603;36.323328
2;7;0.131241;36.315136
3;7;0.097168;36.323328
4;7;0.059015;36.474880
5;7;0.068153;37.847040
6;7;0.091884;52.330496
7;7;0.108254;196.251648
8;7;0.518196;1636.327424
1;8;0.286093;36.331520
2;8;0.125666;36.327424
3;8;0.098845;36.339712
4;8;0.058970;36.556800
5;8;0.067431;37.871616
6;8;0.095378;52.334592
7;8;0.178570;196.268032
8;8;0.551103;1636.331520
1;8;0.258925;36.347904
2;8;0.124292;36.343808
3;8;0.090745;36.409344
4;8;0.060551;36.487168
5;8;0.067308;38.002688
6;8;0.100635;52.334592
7;8;0.178518;196.268032
8;8;0.540058;1636.331520
1;8;0.273479;36.327424
2;8;0.130794;36.319232
3;8;0.092242;36.261888
4;8;0.059402;36.495360
5;8;0.075440;38.002688
6;8;0.093814;52.260864
7;8;0.181269;196.329472
8;8;0.550038;1636.401152
1;8;0.262946;36.331520
2;8;0.127122;36.261888
3;8;0.091150;36.339712
4;8;0.057383;36.495360
5;8;0.065880;37.867520
6;8;0.094951;52.342784
7;8;0.190502;196.349952
8;8;0.546287;1636.347904
1;8;0.257802;36.425728
2;8;0.135349;36.413440
3;8;0.092446;36.347904
4;8;0.059792;36.446208
5;8;0.067640;37.867520
6;8;0.093486;52.277248
7;8;0.175551;196.419584
8;8;0.541302;1636.274176
1;8;0.259080;36.347904
2;8;0.133108;36.339712
3;8;0.091467;36.364288
4;8;0.059313;36.581376
5;8;0.066012;37.945344
6;8;0.095231;52.355072
7;8;0.176958;196.276224
8;8;0.539354;1636.286464
1;8;0.274509;36.352000
2;8;0.137224;36.282368
3;8;0.091810;36.352000
4;8;0.060488;36.442112
5;8;0.066127;37.953536
6;8;0.094141;52.428800
7;8;0.182316;196.366336
8;8;0.553343;1636.356096
1;8;0.267849;36.352000
2;8;0.129913;36.347904
3;8;0.090575;36.356096
4;8;0.062002;36.519936
5;8;0.068869;37.888000
6;8;0.099059;52.436992
7;8;0.177432;196.288512
8;8;0.535971;1636.364288
1;8;0.264852;36.438016
2;8;0.130512;36.360192
3;8;0.097617;36.368384
4;8;0.059187;36.524032
5;8;0.066262;37.961728
6;8;0.093567;52.367360
7;8;0.186174;196.366336
8;8;0.531962;1636.364288
1;8;0.277577;36.352000
2;8;0.134688;36.286464
3;8;0.092370;36.429824
4;8;0.058046;36.507648
5;8;0.068530;38.014976
6;8;0.093602;52.346880
7;8;0.178290;196.280320
8;8;0.534450;1636.421632
1;9;0.301835;36.409344
2;9;0.159174;36.417536
3;9;0.092417;36.356096
4;9;0.093980;36.577280
5;9;0.069534;37.953536
6;9;0.099271;52.281344
7;9;0.187880;196.276224
8;9;0.678390;1636.343808
1;9;0.338697;36.409344
2;9;0.161946;36.409344
3;9;0.091356;36.413440
4;9;0.095271;36.577280
5;9;0.067657;38.014976
6;9;0.096281;52.420608
7;9;0.187116;196.345856
8;9;0.676234;1636.339712
1;9;0.331560;36.327424
2;9;0.161041;36.388864
3;9;0.091633;36.249600
4;9;0.094673;36.417536
5;9;0.066944;37.916672
6;9;0.094950;52.330496
7;9;0.190874;196.333568
8;9;0.711235;1636.249600
1;9;0.287813;36.302848
2;9;0.163444;36.306944
3;9;0.093008;36.306944
4;9;0.095267;36.401152
5;9;0.067852;37.842944
6;9;0.096427;52.318208
7;9;0.184913;196.395008
8;9;0.689689;1636.311040
1;9;0.299569;36.302848
2;9;0.174234;36.372480
3;9;0.094990;36.372480
4;9;0.099123;36.532224
5;9;0.071695;37.904384
6;9;0.099283;52.310016
7;9;0.182164;196.308992
8;9;0.686960;1636.376576
1;9;0.305520;36.319232
2;9;0.164228;36.315136
3;9;0.093234;36.245504
4;9;0.095991;36.474880
5;9;0.067039;37.916672
6;9;0.101095;52.322304
7;9;0.190212;196.321280
8;9;0.679888;1636.388864
1;9;0.292990;36.384768
2;9;0.164853;36.315136
3;9;0.092902;36.315136
4;9;0.096334;36.474880
5;9;0.068016;37.916672
6;9;0.097607;52.252672
7;9;0.186626;196.251648
8;9;0.676742;1636.319232
1;9;0.300120;36.245504
2;9;0.161234;36.315136
3;9;0.090981;36.315136
4;9;0.094419;36.474880
5;9;0.067722;37.916672
6;9;0.099927;52.322304
7;9;0.193064;196.390912
8;9;0.685164;1636.257792
1;9;0.312186;36.323328
2;9;0.163536;36.315136
3;9;0.090554;36.245504
4;9;0.095902;36.405248
5;9;0.068971;37.916672
6;9;0.094819;52.322304
7;9;0.182391;196.251648
8;9;0.704679;1636.249600
1;9;0.294362;36.323328
2;9;0.163812;36.315136
3;9;0.092798;36.323328
4;9;0.095381;36.474880
5;9;0.067863;37.924864
6;9;0.101132;52.322304
7;9;0.183659;196.329472
8;9;0.695720;1636.319232
1;10;0.332974;36.245504
2;10;0.166382;36.384768
3;10;0.127329;36.384768
4;10;0.095935;36.405248
5;10;0.072093;37.847040
6;10;0.098300;52.252672
7;10;0.195366;196.251648
8;10;0.699259;1636.249600
1;10;0.347286;36.245504
2;10;0.168248;36.323328
3;10;0.131783;36.392960
4;10;0.094736;36.405248
5;10;0.071922;37.928960
6;10;0.101852;52.342784
7;10;0.192139;196.263936
8;10;0.689844;1636.409344
1;10;0.330156;36.257792
2;10;0.162774;36.327424
3;10;0.129178;36.257792
4;10;0.104439;36.487168
5;10;0.071860;37.859328
6;10;0.108191;52.334592
7;10;0.195859;196.263936
8;10;0.686006;1636.331520
1;10;0.347881;36.241408
2;10;0.163069;36.384768
3;10;0.136393;36.311040
4;10;0.101866;36.401152
5;10;0.072744;37.912576
6;10;0.100849;52.387840
7;10;0.198159;196.325376
8;10;0.702767;1636.257792
1;10;0.326131;36.249600
2;10;0.160348;36.257792
3;10;0.129703;36.388864
4;10;0.095477;36.409344
5;10;0.073521;37.928960
6;10;0.099046;52.326400
7;10;0.195262;196.255744
8;10;0.695368;1636.261888
1;10;0.350263;36.306944
2;10;0.167437;36.237312
3;10;0.133099;36.311040
4;10;0.095035;36.401152
5;10;0.076463;37.842944
6;10;0.098469;52.318208
7;10;0.188239;196.317184
8;10;0.698040;1636.315136
1;10;0.330712;36.376576
2;10;0.160686;36.245504
3;10;0.127300;36.311040
4;10;0.101067;36.401152
5;10;0.071463;37.842944
6;10;0.097801;52.318208
7;10;0.188083;196.317184
8;10;0.689072;1636.245504
1;10;0.321483;36.380672
2;10;0.157704;36.319232
3;10;0.136804;36.311040
4;10;0.096318;36.470784
5;10;0.072482;37.842944
6;10;0.097394;52.387840
7;10;0.189813;196.317184
8;10;0.691420;1636.384768
1;10;0.325087;36.241408
2;10;0.166768;36.311040
3;10;0.132204;36.241408
4;10;0.094429;36.401152
5;10;0.073037;37.912576
6;10;0.098797;52.248576
7;10;0.195469;196.247552
8;10;0.697202;1636.315136
1;10;0.338705;36.311040
2;10;0.157802;36.241408
3;10;0.128116;36.311040
4;10;0.097015;36.401152
5;10;0.070787;37.912576
6;10;0.097777;52.387840
7;10;0.193972;196.325376
8;10;0.707469;1636.253696
1;11;0.363296;36.241408
2;11;0.198598;36.311040
3;11;0.130270;36.311040
4;11;0.100420;36.470784
5;11;0.109030;37.842944
6;11;0.107494;52.318208
7;11;0.197964;196.317184
8;11;0.692415;1636.315136
1;11;0.366163;36.323328
2;11;0.191722;36.241408
3;11;0.138624;36.315136
4;11;0.096364;36.413440
5;11;0.111900;37.863424
6;11;0.101786;52.330496
7;11;0.205514;196.268032
8;11;0.708293;1636.270080
1;11;0.364957;36.323328
2;11;0.212240;36.261888
3;11;0.129369;36.253696
4;11;0.095024;36.491264
5;11;0.108582;37.928960
6;11;0.105744;52.326400
7;11;0.196866;196.321280
8;11;0.722806;1636.331520
1;11;0.371683;36.339712
2;11;0.198637;36.409344
3;11;0.125740;36.347904
4;11;0.098117;36.507648
5;11;0.110839;37.879808
6;11;0.101855;52.277248
7;11;0.199710;196.341760
8;11;0.715066;1636.352000
1;11;0.365076;36.347904
2;11;0.191375;36.347904
3;11;0.137374;36.278272
4;11;0.096187;36.507648
5;11;0.110829;37.879808
6;11;0.100981;52.355072
7;11;0.195931;196.284416
8;11;0.689822;1636.352000
1;11;0.372040;36.417536
2;11;0.206288;36.278272
3;11;0.126520;36.286464
4;11;0.094310;36.507648
5;11;0.108050;37.949440
6;11;0.105272;52.424704
7;11;0.198646;196.276224
8;11;0.689148;1636.261888
1;11;0.374839;36.315136
2;11;0.208949;36.315136
3;11;0.129020;36.319232
4;11;0.097943;36.409344
5;11;0.110523;37.920768
6;11;0.102386;52.326400
7;11;0.192342;196.325376
8;11;0.706156;1636.323328
1;11;0.365758;36.319232
2;11;0.191058;36.388864
3;11;0.128721;36.319232
4;11;0.097121;36.478976
5;11;0.108147;37.920768
6;11;0.101922;52.326400
7;11;0.199949;196.255744
8;11;0.691900;1636.392960
1;11;0.362251;36.319232
2;11;0.213143;36.388864
3;11;0.129232;36.388864
4;11;0.094692;36.478976
5;11;0.111061;37.920768
6;11;0.106698;52.256768
7;11;0.196469;196.263936
8;11;0.684674;1636.323328
1;11;0.367059;36.249600
2;11;0.194480;36.319232
3;11;0.127299;36.327424
4;11;0.096179;36.409344
5;11;0.113081;37.851136
6;11;0.101585;52.256768
7;11;0.199013;196.263936
8;11;0.714851;1636.253696
1;12;0.403946;36.257792
2;12;0.195150;36.327424
3;12;0.128137;36.327424
4;12;0.098576;36.487168
5;12;0.114172;37.859328
6;12;0.112653;52.338688
7;12;0.209043;196.403200
8;12;0.703280;1636.331520
1;12;0.399683;36.323328
2;12;0.204329;36.311040
3;12;0.129058;36.323328
4;12;0.101027;36.401152
5;12;0.109743;37.924864
6;12;0.116159;52.318208
7;12;0.205778;196.259840
8;12;0.712644;1636.384768
1;12;0.406364;36.253696
2;12;0.194292;36.323328
3;12;0.129901;36.253696
4;12;0.097104;36.483072
5;12;0.112080;37.855232
6;12;0.112143;52.338688
7;12;0.204656;196.329472
8;12;0.696239;1636.257792
1;12;0.405203;36.265984
2;12;0.197647;36.405248
3;12;0.128576;36.265984
4;12;0.096910;36.564992
5;12;0.115323;37.867520
6;12;0.113299;52.412416
7;12;0.195947;196.272128
8;12;0.726988;1636.409344
1;12;0.393689;36.335616
2;12;0.197596;36.405248
3;12;0.128374;36.265984
4;12;0.098051;36.564992
5;12;0.119902;37.867520
6;12;0.111944;52.412416
7;12;0.213381;196.272128
8;12;0.688478;1636.409344
1;12;0.405850;36.405248
2;12;0.192403;36.405248
3;12;0.129802;36.405248
4;12;0.097984;36.564992
5;12;0.109930;38.006784
6;12;0.111777;52.412416
7;12;0.198305;196.411392
8;12;0.704058;1636.409344
1;12;0.419938;36.405248
2;12;0.192404;36.335616
3;12;0.127416;36.335616
4;12;0.101862;36.495360
5;12;0.110831;37.937152
6;12;0.111701;52.273152
7;12;0.204855;196.272128
8;12;0.729799;1636.339712
1;12;0.399256;36.335616
2;12;0.202772;36.265984
3;12;0.126679;36.405248
4;12;0.097725;36.495360
5;12;0.110437;37.867520
6;12;0.113481;52.342784
7;12;0.200084;196.272128
8;12;0.707986;1636.339712
1;12;0.408899;36.265984
2;12;0.191040;36.405248
3;12;0.135546;36.253696
4;12;0.096942;36.409344
5;12;0.114578;37.920768
6;12;0.116432;52.326400
7;12;0.202296;196.255744
8;12;0.709753;1636.323328
1;12;0.405687;36.249600
2;12;0.190143;36.249600
3;12;0.128057;36.319232
4;12;0.100386;36.548608
5;12;0.117935;37.851136
6;12;0.110816;52.256768
7;12;0.202467;196.325376
8;12;0.708801;1636.392960
1;13;0.431686;36.249600
2;13;0.235308;36.319232
3;13;0.164210;36.249600
4;13;0.134148;36.478976
5;13;0.112798;37.920768
6;13;0.166499;52.326400
7;13;0.213318;196.325376
8;13;0.726487;1636.323328
1;13;0.441887;36.319232
2;13;0.229839;36.319232
3;13;0.165628;36.319232
4;13;0.136525;36.478976
5;13;0.113487;37.920768
6;13;0.164907;52.326400
7;13;0.210391;196.325376
8;13;0.720884;1636.323328
1;13;0.443235;36.388864
2;13;0.238508;36.384768
3;13;0.175425;36.392960
4;13;0.136975;36.421632
5;13;0.112510;37.920768
6;13;0.164537;52.252672
7;13;0.215631;196.337664
8;13;0.712925;1636.261888
1;13;0.443806;36.384768
2;13;0.233051;36.249600
3;13;0.167478;36.319232
4;13;0.132902;36.409344
5;13;0.115495;37.920768
6;13;0.164016;52.256768
7;13;0.211976;196.255744
8;13;0.724435;1636.253696
1;13;0.449087;36.249600
2;13;0.237885;36.319232
3;13;0.164047;36.257792
4;13;0.138085;36.409344
5;13;0.112059;37.920768
6;13;0.170307;52.269056
7;13;0.216180;196.333568
8;13;0.732293;1636.405248
1;13;0.440120;36.339712
2;13;0.229539;36.409344
3;13;0.168298;36.339712
4;13;0.135074;36.499456
5;13;0.111546;37.871616
6;13;0.163954;52.346880
7;13;0.218370;196.276224
8;13;0.717715;1636.274176
1;13;0.467317;36.270080
2;13;0.231277;36.339712
3;13;0.165713;36.339712
4;13;0.138446;36.569088
5;13;0.114802;37.941248
6;13;0.163662;52.416512
7;13;0.210633;196.345856
8;13;0.709047;1636.413440
1;13;0.441534;36.347904
2;13;0.236804;36.339712
3;13;0.165352;36.409344
4;13;0.130842;36.499456
5;13;0.112357;38.010880
6;13;0.160759;52.285440
7;13;0.207914;196.345856
8;13;0.718075;1636.409344
1;13;0.439004;36.331520
2;13;0.229238;36.331520
3;13;0.171720;36.331520
4;13;0.133240;36.491264
5;13;0.109915;37.933056
6;13;0.161533;52.338688
7;13;0.211311;196.337664
8;13;0.710151;1636.335616
1;13;0.442270;36.335616
2;13;0.228880;36.274176
3;13;0.163554;36.343808
4;13;0.137598;36.503552
5;13;0.112573;37.945344
6;13;0.163277;52.350976
7;13;0.218364;196.358144
8;13;0.751373;1636.286464
1;14;0.474373;36.274176
2;14;0.231735;36.343808
3;14;0.165416;36.343808
4;14;0.134098;36.433920
5;14;0.114941;38.014976
6;14;0.171274;52.420608
7;14;0.223945;196.349952
8;14;0.728692;1636.417536
1;14;0.485513;36.261888
2;14;0.247141;36.331520
3;14;0.163976;36.331520
4;14;0.135115;36.491264
5;14;0.112493;37.933056
6;14;0.166899;52.338688
7;14;0.228064;196.337664
8;14;0.735444;1636.335616
1;14;0.469548;36.261888
2;14;0.221647;36.339712
3;14;0.164210;36.261888
4;14;0.142099;36.499456
5;14;0.111616;37.863424
6;14;0.172568;52.346880
7;14;0.224292;196.268032
8;14;0.724801;1636.343808
1;14;0.478986;36.331520
2;14;0.230966;36.331520
3;14;0.167643;36.331520
4;14;0.131369;36.491264
5;14;0.111778;37.933056
6;14;0.165763;52.338688
7;14;0.227027;196.337664
8;14;0.735945;1636.343808
1;14;0.486821;36.331520
2;14;0.237611;36.331520
3;14;0.174234;36.261888
4;14;0.132179;36.429824
5;14;0.112771;38.002688
6;14;0.171335;52.269056
7;14;0.223233;196.337664
8;14;0.729163;1636.265984
1;14;0.478334;36.261888
2;14;0.227313;36.331520
3;14;0.169065;36.261888
4;14;0.131401;36.429824
5;14;0.111533;37.933056
6;14;0.166107;52.338688
7;14;0.230040;196.345856
8;14;0.736232;1636.405248
1;14;0.478375;36.261888
2;14;0.230688;36.331520
3;14;0.166481;36.401152
4;14;0.144734;36.491264
5;14;0.128251;37.863424
6;14;0.164385;52.269056
7;14;0.223734;196.333568
8;14;0.723460;1636.257792
1;14;0.475955;36.392960
2;14;0.231080;36.323328
3;14;0.158835;36.253696
4;14;0.134650;36.478976
5;14;0.113862;37.920768
6;14;0.166772;52.326400
7;14;0.224510;196.259840
8;14;0.732306;1636.253696
1;14;0.468778;36.253696
2;14;0.243486;36.319232
3;14;0.165395;36.392960
4;14;0.135119;36.483072
5;14;0.114281;37.924864
6;14;0.168411;52.400128
7;14;0.215404;196.259840
8;14;0.737217;1636.323328
1;14;0.472325;36.323328
2;14;0.242477;36.265984
3;14;0.167515;36.380672
4;14;0.133697;36.491264
5;14;0.112717;37.924864
6;14;0.169186;52.273152
7;14;0.234603;196.386816
8;14;0.734395;1636.335616
1;15;0.509639;36.331520
2;15;0.272411;36.331520
3;15;0.166406;36.331520
4;15;0.133416;36.491264
5;15;0.115587;37.933056
6;15;0.171626;52.338688
7;15;0.284747;196.337664
8;15;0.746899;1636.335616
1;15;0.517345;36.327424
2;15;0.267878;36.409344
3;15;0.161719;36.265984
4;15;0.137443;36.487168
5;15;0.116100;37.855232
6;15;0.169845;52.400128
7;15;0.288659;196.259840
8;15;0.746696;1636.327424
1;15;0.523871;36.265984
2;15;0.280899;36.274176
3;15;0.175870;36.265984
4;15;0.136354;36.433920
5;15;0.118435;37.867520
6;15;0.169262;52.281344
7;15;0.295513;196.272128
8;15;0.740257;1636.278272
1;15;0.512457;36.265984
2;15;0.265276;36.335616
3;15;0.164901;36.265984
4;15;0.138911;36.425728
5;15;0.117045;37.863424
6;15;0.167785;52.338688
7;15;0.279109;196.268032
8;15;0.741493;1636.335616
1;15;0.497762;36.331520
2;15;0.269595;36.261888
3;15;0.162296;36.261888
4;15;0.133636;36.491264
5;15;0.117090;37.863424
6;15;0.170237;52.408320
7;15;0.297964;196.268032
8;15;0.746432;1636.265984
1;15;0.512905;36.401152
2;15;0.278382;36.401152
3;15;0.164243;36.261888
4;15;0.134967;36.491264
5;15;0.119693;38.002688
6;15;0.169891;52.408320
7;15;0.288788;196.268032
8;15;0.754965;1636.405248
1;15;0.505470;36.331520
2;15;0.292475;36.331520
3;15;0.163612;36.331520
4;15;0.135807;36.491264
5;15;0.117999;37.933056
6;15;0.169205;52.338688
7;15;0.287423;196.337664
8;15;0.740074;1636.335616
1;15;0.502675;36.331520
2;15;0.273560;36.331520
3;15;0.166967;36.331520
4;15;0.135394;36.491264
5;15;0.114508;37.933056
6;15;0.171864;52.338688
7;15;0.285767;196.337664
8;15;0.748879;1636.335616
1;15;0.510237;36.331520
2;15;0.275426;36.331520
3;15;0.163452;36.331520
4;15;0.133770;36.491264
5;15;0.114481;37.933056
6;15;0.168900;52.269056
7;15;0.290774;196.337664
8;15;0.755557;1636.335616
1;15;0.513989;36.331520
2;15;0.272305;36.409344
3;15;0.166332;36.265984
4;15;0.133423;36.425728
5;15;0.125205;37.928960
6;15;0.168357;52.338688
7;15;0.291398;196.333568
8;15;0.750620;1636.261888
1;16;0.553887;36.335616
2;16;0.269790;36.265984
3;16;0.199879;36.335616
4;16;0.139058;36.495360
5;16;0.154939;37.937152
6;16;0.172379;52.273152
7;16;0.299465;196.341760
8;16;0.763716;1636.339712
1;16;0.553933;36.335616
2;16;0.270177;36.265984
3;16;0.214346;36.265984
4;16;0.139453;36.564992
5;16;0.154997;37.875712
6;16;0.175166;52.273152
7;16;0.291304;196.411392
8;16;0.762884;1636.339712
1;16;0.553100;36.265984
2;16;0.264584;36.265984
3;16;0.208107;36.405248
4;16;0.134884;36.495360
5;16;0.152959;37.937152
6;16;0.174157;52.342784
7;16;0.295500;196.341760
8;16;0.767862;1636.409344
1;16;0.550250;36.274176
2;16;0.269863;36.405248
3;16;0.202015;36.265984
4;16;0.137209;36.495360
5;16;0.160035;37.867520
6;16;0.172562;52.342784
7;16;0.305332;196.272128
8;16;0.757741;1636.347904
1;16;0.542204;36.335616
2;16;0.276210;36.405248
3;16;0.198015;36.405248
4;16;0.133347;36.564992
5;16;0.160387;38.006784
6;16;0.177869;52.412416
7;16;0.305076;196.411392
8;16;0.765808;1636.409344
1;16;0.535810;36.265984
2;16;0.278611;36.335616
3;16;0.199933;36.265984
4;16;0.136218;36.495360
5;16;0.157435;37.867520
6;16;0.172548;52.342784
7;16;0.300422;196.272128
8;16;0.759018;1636.339712
1;16;0.550132;36.274176
2;16;0.268546;36.438016
3;16;0.203978;36.528128
4;16;0.143001;36.618240
5;16;0.158915;38.055936
6;16;0.170661;52.391936
7;16;0.299392;196.468736
8;16;0.764036;1636.397056
1;16;0.543568;36.536320
2;16;0.268166;36.536320
3;16;0.197332;36.536320
4;16;0.133636;36.696064
5;16;0.154363;38.137856
6;16;0.171744;52.613120
7;16;0.320862;196.542464
8;16;0.761019;1636.610048
1;16;0.548310;36.536320
2;16;0.266098;36.474880
3;16;0.203604;36.466688
4;16;0.139222;36.696064
5;16;0.155982;38.150144
6;16;0.176946;52.486144
7;16;0.300850;196.485120
8;16;0.759221;1636.483072
1;16;0.565679;36.618240
2;16;0.272928;36.618240
3;16;0.201196;36.548608
4;16;0.138411;36.777984
5;16;0.160294;38.219776
6;16;0.173605;52.555776
7;16;0.303047;196.554752
8;16;0.754299;1636.622336
1;17;0.588717;36.548608
2;17;0.306204;36.478976
3;17;0.199276;36.478976
4;17;0.174906;36.716544
5;17;0.162861;38.150144
6;17;0.174139;52.502528
7;17;0.296116;196.648960
8;17;0.898111;1636.569088
1;17;0.574686;36.737024
2;17;0.305359;36.597760
3;17;0.201276;36.667392
4;17;0.171751;36.827136
5;17;0.157394;38.268928
6;17;0.176882;52.674560
7;17;0.310395;196.743168
8;17;0.888512;1636.601856
1;17;0.592316;36.597760
2;17;0.307733;36.614144
3;17;0.207071;36.614144
4;17;0.183678;36.773888
5;17;0.157995;38.219776
6;17;0.176990;52.690944
7;17;0.298692;196.620288
8;17;0.901322;1636.548608
1;17;0.583758;36.675584
2;17;0.309275;36.605952
3;17;0.202154;36.741120
4;17;0.172763;36.892672
5;17;0.155479;38.264832
6;17;0.181854;52.752384
7;17;0.302925;196.620288
8;17;0.897743;1636.757504
1;17;0.584046;36.577280
2;17;0.305743;36.663296
3;17;0.209052;36.663296
4;17;0.170051;36.753408
5;17;0.154789;38.207488
6;17;0.174941;52.604928
7;17;0.305254;196.673536
8;17;0.897789;1636.601856
1;17;0.579311;36.683776
2;17;0.306994;36.683776
3;17;0.200040;36.614144
4;17;0.171322;36.843520
5;17;0.153565;38.215680
6;17;0.176651;52.690944
7;17;0.306940;196.689920
8;17;0.901891;1636.687872
1;17;0.580787;36.626432
2;17;0.300635;36.626432
3;17;0.205626;36.696064
4;17;0.178136;36.864000
5;17;0.160170;38.313984
6;17;0.178005;52.707328
7;17;0.307174;196.771840
8;17;0.933062;1636.696064
1;17;0.582151;36.700160
2;17;0.311626;36.769792
3;17;0.196270;36.737024
4;17;0.168535;36.859904
5;17;0.156216;38.199296
6;17;0.178097;52.637696
7;17;0.300497;196.706304
8;17;0.897354;1636.704256
1;17;0.576389;36.839424
2;17;0.305279;36.700160
3;17;0.197393;36.700160
4;17;0.175335;36.929536
5;17;0.154773;38.301696
6;17;0.178109;52.387840
7;17;0.303808;196.460544
8;17;0.898442;1636.519936
1;17;0.597119;36.409344
2;17;0.305128;36.417536
3;17;0.207109;36.417536
4;17;0.172997;36.646912
5;17;0.155160;38.158336
6;17;0.176518;52.494336
7;17;0.301193;196.562944
8;17;0.889974;1636.491264
1;18;0.621030;36.491264
2;18;0.304244;36.560896
3;18;0.203127;36.491264
4;18;0.177333;36.651008
5;18;0.153315;38.100992
6;18;0.181411;52.498432
7;18;0.311164;196.497408
8;18;0.920079;1636.495360
1;18;0.633017;36.405248
2;18;0.303226;36.474880
3;18;0.202300;36.405248
4;18;0.174373;36.564992
5;18;0.155608;38.006784
6;18;0.183580;52.412416
7;18;0.301573;196.415488
8;18;0.902699;1636.483072
1;18;0.618204;36.618240
2;18;0.352483;36.618240
3;18;0.197507;36.618240
4;18;0.177144;36.794368
5;18;0.155376;38.227968
6;18;0.182476;52.633600
7;18;0.315432;196.698112
8;18;0.907021;1636.622336
1;18;0.639459;36.634624
2;18;0.313746;36.556800
3;18;0.206557;36.478976
4;18;0.174455;36.716544
5;18;0.157372;38.141952
6;18;0.186769;52.482048
7;18;0.302567;196.468736
8;18;0.908760;1636.532224
1;18;0.626390;36.466688
2;18;0.302839;36.458496
3;18;0.214676;36.536320
4;18;0.176086;36.773888
5;18;0.157033;38.141952
6;18;0.185688;52.486144
7;18;0.305698;196.620288
8;18;0.912218;1636.618240
1;18;0.608208;36.708352
2;18;0.301246;36.569088
3;18;0.212224;36.638720
4;18;0.181690;36.728832
5;18;0.161061;38.170624
6;18;0.183757;52.715520
7;18;0.321459;196.644864
8;18;0.906799;1636.573184
1;18;0.652372;36.581376
2;18;0.308132;36.659200
3;18;0.201408;36.651008
4;18;0.172509;36.671488
5;18;0.159831;38.113280
6;18;0.182990;52.518912
7;18;0.316534;196.517888
8;18;0.906576;1636.515840
1;18;0.618255;36.667392
2;18;0.303864;36.597760
3;18;0.202190;36.597760
4;18;0.173127;36.827136
5;18;0.155112;38.268928
6;18;0.185104;52.604928
7;18;0.308293;196.534272
8;18;0.894685;1636.601856
1;18;0.648822;36.667392
2;18;0.335803;36.597760
3;18;0.206359;36.737024
4;18;0.178298;36.827136
5;18;0.156974;38.268928
6;18;0.185410;52.744192
7;18;0.318874;196.603904
8;18;0.899167;1636.671488
1;18;0.621663;36.700160
2;18;0.312429;36.700160
3;18;0.207878;36.700160
4;18;0.173104;36.859904
5;18;0.153493;38.313984
6;18;0.186213;52.707328
7;18;0.315903;196.706304
8;18;0.902993;1636.704256
1;19;0.678351;36.737024
2;19;0.335225;36.605952
3;19;0.241560;36.737024
4;19;0.174780;36.896768
5;19;0.158260;38.199296
6;19;0.238931;52.682752
7;19;0.308229;196.743168
8;19;0.920117;1636.741120
1;19;0.661047;36.610048
2;19;0.357000;36.376576
3;19;0.250264;36.384768
4;19;0.177329;36.532224
5;19;0.158544;37.974016
6;19;0.232512;52.518912
7;19;0.325152;196.382720
8;19;0.932988;1636.446208
1;19;0.662587;36.433920
2;19;0.329609;36.360192
3;19;0.231843;36.356096
4;19;0.173945;36.601856
5;19;0.155292;37.974016
6;19;0.233096;52.379648
7;19;0.316642;196.448256
8;19;0.906033;1636.380672
1;19;0.653967;36.601856
2;19;0.343867;36.532224
3;19;0.238653;36.618240
4;19;0.181853;36.638720
5;19;0.156558;38.080512
6;19;0.231231;52.555776
7;19;0.324619;196.554752
8;19;0.933366;1636.483072
1;19;0.657086;36.462592
2;19;0.347109;36.532224
3;19;0.243600;36.462592
4;19;0.173054;36.622336
5;19;0.154945;38.064128
6;19;0.229039;52.609024
7;19;0.317685;196.546560
8;19;0.925132;1636.466688
1;19;0.662318;36.401152
2;19;0.336651;36.470784
3;19;0.235722;36.401152
4;19;0.172317;36.700160
5;19;0.157254;38.141952
6;19;0.230735;52.477952
7;19;0.309980;196.411392
8;19;0.919901;1636.548608
1;19;0.835083;36.478976
2;19;0.338476;36.478976
3;19;0.236287;36.409344
4;19;0.174148;36.569088
5;19;0.159040;38.150144
6;19;0.231831;52.416512
7;19;0.326473;196.485120
8;19;0.907389;1636.413440
1;19;0.669601;36.478976
2;19;0.339906;36.421632
3;19;0.236643;36.491264
4;19;0.181842;36.651008
5;19;0.164002;38.162432
6;19;0.231311;52.498432
7;19;0.316009;196.497408
8;19;0.911230;1636.564992
1;19;0.659134;36.491264
2;19;0.337062;36.491264
3;19;0.241643;36.491264
4;19;0.173864;36.732928
5;19;0.156053;38.100992
6;19;0.236067;52.441088
7;19;0.314570;196.440064
8;19;0.917773;1636.507648
1;19;0.657038;36.642816
2;19;0.332681;36.642816
3;19;0.230561;36.503552
4;19;0.174533;36.663296
5;19;0.157110;38.105088
6;19;0.228994;52.510720
7;19;0.314304;196.648960
8;19;0.947745;1636.646912
1;20;0.919781;36.450304
2;20;0.336449;36.519936
3;20;0.237954;36.450304
4;20;0.181556;36.610048
5;20;0.164131;38.043648
6;20;0.237267;52.518912
7;20;0.315638;196.448256
8;20;0.906210;1636.585472
1;20;0.703167;36.487168
2;20;0.340315;36.556800
3;20;0.237682;36.626432
4;20;0.172282;36.646912
5;20;0.158045;38.088704
6;20;0.232753;52.494336
7;20;0.314419;196.579328
8;20;0.927941;1636.646912
1;20;0.699972;36.642816
2;20;0.337409;36.573184
3;20;0.238404;36.712448
4;20;0.174287;36.745216
5;20;0.157749;38.256640
6;20;0.235592;52.592640
7;20;0.306789;196.657152
8;20;0.905374;1636.642816
1;20;0.701581;36.474880
2;20;0.340683;36.474880
3;20;0.247825;36.474880
4;20;0.173245;36.773888
5;20;0.156067;38.076416
6;20;0.234268;52.482048
7;20;0.315143;196.481024
8;20;0.920584;1636.478976
1;20;0.691765;36.462592
2;20;0.336848;36.462592
3;20;0.248433;36.364288
4;20;0.174923;36.519936
5;20;0.157456;38.031360
6;20;0.233320;52.518912
7;20;0.313874;196.448256
8;20;0.918922;1636.392960
1;20;0.700405;36.466688
2;20;0.339054;36.532224
3;20;0.233125;36.470784
4;20;0.171712;36.696064
5;20;0.159212;38.072320
6;20;0.231356;52.498432
7;20;0.307165;196.419584
8;20;0.908728;1636.569088
1;20;0.696732;36.519936
2;20;0.348559;36.458496
3;20;0.232407;36.528128
4;20;0.174950;36.765696
5;20;0.157562;38.060032
6;20;0.231084;52.535296
7;20;0.310417;196.464640
8;20;0.917446;1636.462592
1;20;0.692454;36.511744
2;20;0.346040;36.524032
3;20;0.243061;36.589568
4;20;0.180557;36.671488
5;20;0.160148;38.182912
6;20;0.233512;52.445184
7;20;0.322807;196.505600
8;20;0.919178;1636.503552
1;20;0.698503;36.601856
2;20;0.340870;36.601856
3;20;0.233265;36.462592
4;20;0.170606;36.761600
5;20;0.157096;38.133760
6;20;0.227749;52.539392
7;20;0.318690;196.550656
8;20;0.916012;1636.478976
1;20;0.811776;36.683776
2;20;0.343343;36.544512
3;20;0.256082;36.614144
4;20;0.183601;36.704256
5;20;0.162286;38.215680
6;20;0.234482;52.690944
7;20;0.325190;196.562944
8;20;0.925673;1636.700160
